(5, 0, 3)
==============================================================================
                 coef    std err          z      P>|z|      [95.0% Conf. Int.]
------------------------------------------------------------------------------
const          0.0427      0.000    120.664      0.000         0.042     0.043
ar.L1.y        1.5937      0.045     35.699      0.000         1.506     1.681
ar.L2.y       -1.5879      0.099    -16.075      0.000        -1.782    -1.394
ar.L3.y        1.4058      0.111     12.608      0.000         1.187     1.624
ar.L4.y       -0.8125      0.051    -15.815      0.000        -0.913    -0.712
ar.L5.y        0.3746      0.022     17.047      0.000         0.332     0.418
ma.L1.y       -0.8946      0.048    -18.621      0.000        -0.989    -0.800
ma.L2.y        0.6864      0.090      7.650      0.000         0.511     0.862
ma.L3.y       -0.4403      0.082     -5.397      0.000        -0.600    -0.280
==============================================================================
