==============================================================================
                 coef    std err          z      P>|z|      [95.0% Conf. Int.]
------------------------------------------------------------------------------
const       6.095e-07   7.72e-06      0.079      0.937     -1.45e-05  1.57e-05
ar.L1.D.y     -0.0471      0.118     -0.400      0.689        -0.278     0.184
ar.L2.D.y     -0.3838      0.102     -3.745      0.000        -0.585    -0.183
ar.L3.D.y     -0.0374      0.088     -0.426      0.670        -0.209     0.134
ar.L4.D.y     -0.2138      0.041     -5.237      0.000        -0.294    -0.134
ar.L5.D.y     -0.1710      0.037     -4.572      0.000        -0.244    -0.098
ma.L1.D.y     -0.3030      0.117     -2.581      0.010        -0.533    -0.073
ma.L2.D.y     -0.0426      0.140     -0.304      0.762        -0.318     0.232
ma.L3.D.y     -0.0752      0.093     -0.805      0.421        -0.258     0.108
==============================================================================
