2017 03 13 15 58 34  42.0
2017 03 13 15 58 35  42.0
2017 03 13 15 58 36  42.0
2017 03 13 15 58 37  42.0
2017 03 13 15 58 38  42.0
2017 03 13 15 58 39  42.0
2017 03 13 15 58 40  42.0
2017 03 13 15 58 41  42.0
2017 03 13 15 58 42  42.0
2017 03 13 15 58 43  42.0
2017 03 13 15 58 44  42.0
2017 03 13 15 58 45  42.0
2017 03 13 15 58 46  42.0
2017 03 13 15 58 47  42.0
2017 03 13 15 58 48  42.0
2017 03 13 15 58 49  42.0
2017 03 13 15 58 50  42.0
2017 03 13 15 58 51  42.0
2017 03 13 15 58 52  42.0
2017 03 13 15 58 53  42.0
2017 03 13 15 58 54  42.0
2017 03 13 15 58 55  42.0
2017 03 13 15 58 56  43.0
2017 03 13 15 58 57  43.0
2017 03 13 15 58 58  42.0
2017 03 13 15 58 59  42.0
2017 03 13 15 59 00  42.0
2017 03 13 15 59 01  42.0
2017 03 13 15 59 02  42.0
2017 03 13 15 59 03  42.0
2017 03 13 15 59 04  42.0
2017 03 13 15 59 05  42.0
2017 03 13 15 59 06  42.0
2017 03 13 15 59 07  42.0
2017 03 13 15 59 08  42.0
2017 03 13 15 59 09  42.0
2017 03 13 15 59 10  42.0
2017 03 13 15 59 11  42.0
2017 03 13 15 59 12  42.0
2017 03 13 15 59 13  42.0
2017 03 13 16 37 40  42.0
2017 03 13 16 37 41  42.0
2017 03 13 16 37 42  42.0
2017 03 13 16 37 43  42.0
2017 03 13 16 37 44  42.0
2017 03 13 16 37 45  42.0
2017 03 13 16 37 46  42.0
2017 03 13 16 37 47  42.0
2017 03 13 16 37 48  42.0
2017 03 13 16 37 49  42.0
2017 03 13 16 37 50  42.0
2017 03 13 16 37 51  42.0
2017 03 13 16 37 52  42.0
2017 03 13 16 37 53  42.0
2017 03 13 16 37 54  42.0
2017 03 13 16 37 55  42.0
2017 03 13 16 37 56  42.0
2017 03 13 16 37 57  42.0
2017 03 13 16 37 58  42.0
2017 03 13 16 37 59  42.0
2017 03 13 16 38 00  42.0
2017 03 13 16 38 01  42.0
2017 03 13 16 38 02  42.0
2017 03 13 16 38 03  42.0
2017 03 13 16 38 04  42.0
2017 03 13 16 38 05  42.0
2017 03 13 16 38 06  42.0
2017 03 13 16 38 07  42.0
2017 03 13 16 38 08  42.0
2017 03 13 16 38 09  42.0
2017 03 13 16 38 10  42.0
2017 03 13 16 38 11  42.0
2017 03 13 16 38 12  42.0
2017 03 13 16 38 13  42.0
2017 03 13 16 38 14  42.0
2017 03 13 16 38 15  42.0
2017 03 13 16 38 16  42.0
2017 03 13 16 38 17  42.0
2017 03 13 16 38 18  42.0
2017 03 13 16 38 19  42.0
2017 03 13 16 38 20  42.0
2017 03 13 16 38 21  42.0
2017 03 13 16 38 22  42.0
2017 03 13 16 38 23  42.0
2017 03 13 16 38 24  42.0
2017 03 13 16 38 25  44.0
2017 03 13 16 38 26  45.0
2017 03 13 16 38 27  49.0
2017 03 13 16 38 28  45.0
2017 03 13 16 38 29  46.0
2017 03 13 16 38 30  43.0
2017 03 13 16 38 31  42.0
2017 03 13 16 38 32  42.0
2017 03 13 16 38 33  44.0
2017 03 13 16 38 34  45.0
2017 03 13 16 38 35  43.0
2017 03 13 16 38 36  44.0
2017 03 13 16 38 37  42.0
2017 03 13 16 38 38  45.0
2017 03 13 16 38 39  44.0
2017 03 13 16 38 40  43.0
2017 03 13 16 38 41  45.0
2017 03 13 16 38 42  44.0
2017 03 13 16 38 43  46.0
2017 03 13 16 38 44  43.0
2017 03 13 16 38 45  45.0
2017 03 13 16 38 46  44.0
2017 03 13 16 38 47  42.0
2017 03 13 16 38 48  44.0
2017 03 13 16 38 49  42.0
2017 03 13 16 38 50  42.0
2017 03 13 16 38 51  44.0
2017 03 13 16 38 52  43.0
2017 03 13 16 38 53  43.0
2017 03 13 16 38 54  42.0
2017 03 13 16 38 55  42.0
2017 03 13 16 38 56  43.0
2017 03 13 16 38 57  47.0
2017 03 13 16 38 58  44.0
2017 03 13 16 38 59  55.0
2017 03 13 16 39 00  54.0
2017 03 13 16 39 01  48.0
2017 03 13 16 39 02  50.0
2017 03 13 16 39 03  45.0
2017 03 13 16 39 04  42.0
2017 03 13 16 39 05  42.0
2017 03 13 16 39 06  42.0
2017 03 13 16 39 07  42.0
2017 03 13 16 39 08  42.0
2017 03 13 16 39 09  42.0
2017 03 13 16 39 10  42.0
2017 03 13 16 39 11  45.0
2017 03 13 16 39 12  44.0
2017 03 13 16 39 13  45.0
2017 03 13 16 39 14  43.0
2017 03 13 16 39 15  43.0
2017 03 13 16 39 16  46.0
2017 03 13 16 39 17  45.0
2017 03 13 16 39 18  43.0
2017 03 13 16 39 19  44.0
2017 03 13 16 39 20  44.0
2017 03 13 16 39 21  44.0
2017 03 13 16 39 22  43.0
2017 03 13 16 39 23  42.0
2017 03 13 16 39 24  42.0
2017 03 13 16 39 25  43.0
2017 03 13 16 39 26  44.0
2017 03 13 16 39 27  44.0
2017 03 13 16 39 28  43.0
2017 03 13 16 39 29  42.0
2017 03 13 16 39 30  46.0
2017 03 13 16 39 31  46.0
2017 03 13 16 39 32  46.0
2017 03 13 16 39 33  45.0
2017 03 13 16 39 34  44.0
2017 03 13 16 39 35  44.0
2017 03 13 16 39 36  44.0
2017 03 13 16 39 37  44.0
2017 03 13 16 39 38  43.0
2017 03 13 16 39 39  44.0
2017 03 13 16 39 40  44.0
2017 03 13 16 39 41  43.0
2017 03 13 16 39 42  42.0
2017 03 13 16 39 43  42.0
2017 03 13 16 39 44  42.0
2017 03 13 16 39 45  42.0
2017 03 13 16 39 46  42.0
2017 03 13 16 39 47  42.0
2017 03 13 16 39 48  42.0
2017 03 13 16 39 49  42.0
2017 03 13 16 39 50  42.0
2017 03 13 16 39 51  42.0
2017 03 13 16 39 52  42.0
2017 03 13 16 39 53  42.0
2017 03 13 16 39 54  42.0
2017 03 13 16 39 55  42.0
2017 03 13 16 39 56  42.0
2017 03 13 16 39 57  42.0
2017 03 13 16 39 58  42.0
2017 03 13 16 39 59  42.0
2017 03 13 16 40 00  42.0
2017 03 13 16 40 01  42.0
2017 03 13 16 40 02  42.0
2017 03 13 16 40 03  42.0
2017 03 13 16 40 04  42.0
2017 03 13 16 40 05  42.0
2017 03 13 16 40 06  42.0
2017 03 13 16 40 07  42.0
2017 03 13 16 40 08  42.0
2017 03 13 16 40 09  42.0
2017 03 13 16 40 10  42.0
2017 03 13 16 40 11  42.0
2017 03 13 16 40 12  42.0
2017 03 13 16 40 13  42.0
2017 03 13 16 40 14  42.0
2017 03 13 16 40 15  42.0
2017 03 13 16 40 17  42.0
2017 03 13 16 40 18  42.0
2017 03 13 16 40 18  42.0
2017 03 13 16 40 19  42.0
2017 03 13 16 40 21  42.0
2017 03 13 16 40 22  42.0
2017 03 13 16 40 23  42.0
2017 03 13 16 40 24  42.0
2017 03 13 16 40 25  42.0
2017 03 13 16 40 26  42.0
2017 03 13 16 40 27  42.0
2017 03 13 16 40 28  42.0
2017 03 13 16 40 29  42.0
2017 03 13 16 40 30  42.0
2017 03 13 16 40 31  42.0
2017 03 13 16 40 32  42.0
2017 03 13 16 40 33  42.0
2017 03 13 16 40 34  42.0
2017 03 13 16 40 35  42.0
2017 03 13 16 40 36  42.0
2017 03 13 16 40 37  42.0
2017 03 13 16 40 38  42.0
2017 03 13 16 40 39  42.0
2017 03 13 16 40 40  44.0
2017 03 13 16 40 41  44.0
2017 03 13 16 40 42  48.0
2017 03 13 16 40 43  47.0
2017 03 13 16 40 44  44.0
2017 03 13 16 40 45  43.0
2017 03 13 16 40 46  43.0
2017 03 13 16 40 47  43.0
2017 03 13 16 40 48  43.0
2017 03 13 16 40 49  43.0
2017 03 13 16 40 50  43.0
2017 03 13 16 40 51  43.0
2017 03 13 16 40 52  43.0
2017 03 13 16 40 53  45.0
2017 03 13 16 40 54  45.0
2017 03 13 16 40 55  44.0
2017 03 13 16 40 56  44.0
2017 03 13 16 40 57  44.0
2017 03 13 16 40 58  46.0
2017 03 13 16 40 59  45.0
2017 03 13 16 41 00  45.0
2017 03 13 16 41 01  46.0
2017 03 13 16 41 02  45.0
2017 03 13 16 41 03  45.0
2017 03 13 16 41 04  45.0
2017 03 13 16 41 05  44.0
2017 03 13 16 41 06  44.0
2017 03 13 16 41 07  44.0
2017 03 13 16 41 08  44.0
2017 03 13 16 41 09  44.0
2017 03 13 16 41 10  44.0
2017 03 13 16 41 11  45.0
2017 03 13 16 41 12  44.0
2017 03 13 16 41 13  44.0
2017 03 13 16 41 14  43.0
2017 03 13 16 41 15  43.0
2017 03 13 16 41 16  43.0
2017 03 13 16 41 17  43.0
2017 03 13 16 41 18  43.0
2017 03 13 16 41 19  43.0
2017 03 13 16 41 20  43.0
2017 03 13 16 41 21  43.0
2017 03 13 16 41 22  43.0
2017 03 13 16 41 23  43.0
2017 03 13 16 41 24  43.0
2017 03 13 16 41 25  43.0
2017 03 13 16 41 26  43.0
2017 03 13 16 41 27  43.0
2017 03 13 16 41 28  43.0
2017 03 13 16 41 29  43.0
2017 03 13 16 41 30  43.0
2017 03 13 16 41 31  43.0
2017 03 13 16 41 32  43.0
2017 03 13 16 41 33  43.0
2017 03 13 16 41 34  43.0
2017 03 13 16 41 35  43.0
2017 03 13 16 41 36  43.0
2017 03 13 16 41 37  43.0
2017 03 13 16 41 38  43.0
2017 03 13 16 41 39  43.0
2017 03 13 16 41 40  43.0
2017 03 13 16 41 41  43.0
2017 03 13 16 41 42  43.0
2017 03 13 16 41 43  43.0
2017 03 13 16 41 44  43.0
2017 03 13 16 41 45  43.0
2017 03 13 16 41 46  43.0
2017 03 13 16 41 47  43.0
2017 03 13 16 41 48  43.0
2017 03 13 16 41 49  43.0
2017 03 13 16 41 50  43.0
2017 03 13 16 41 51  43.0
2017 03 13 16 41 52  43.0
2017 03 13 16 41 53  43.0
2017 03 13 16 41 54  43.0
2017 03 13 16 41 55  43.0
2017 03 13 16 41 56  43.0
2017 03 13 16 41 57  43.0
2017 03 13 16 41 58  43.0
2017 03 13 16 41 59  43.0
2017 03 13 16 42 00  43.0
2017 03 13 16 42 01  43.0
2017 03 13 16 42 02  43.0
2017 03 13 16 42 03  43.0
2017 03 13 16 42 04  43.0
2017 03 13 16 42 05  43.0
2017 03 13 16 42 06  43.0
2017 03 13 16 42 07  43.0
2017 03 13 16 42 08  43.0
2017 03 13 16 42 09  43.0
2017 03 13 16 42 10  43.0
2017 03 13 16 42 11  43.0
2017 03 13 16 42 12  43.0
2017 03 13 16 42 13  43.0
2017 03 13 16 42 14  43.0
2017 03 13 16 42 15  43.0
2017 03 13 16 42 16  43.0
2017 03 13 16 42 17  43.0
2017 03 13 16 42 18  43.0
2017 03 13 16 42 19  43.0
2017 03 13 16 42 20  43.0
2017 03 13 16 42 21  43.0
2017 03 13 16 42 22  43.0
2017 03 13 16 42 23  43.0
2017 03 13 16 42 24  43.0
2017 03 13 16 42 25  44.0
2017 03 13 16 42 26  43.0
2017 03 13 16 42 27  43.0
2017 03 13 16 42 28  43.0
2017 03 13 16 42 29  43.0
2017 03 13 16 42 30  43.0
2017 03 13 16 42 31  43.0
2017 03 13 16 42 32  43.0
2017 03 13 16 42 33  43.0
2017 03 13 16 42 34  43.0
2017 03 13 16 42 35  43.0
2017 03 13 16 42 36  43.0
2017 03 13 16 42 37  43.0
2017 03 13 16 42 38  43.0
2017 03 13 16 42 39  43.0
2017 03 13 16 42 40  43.0
2017 03 13 16 42 41  43.0
2017 03 13 16 42 42  43.0
2017 03 13 16 42 43  43.0
2017 03 13 16 42 44  43.0
2017 03 13 16 42 45  43.0
2017 03 13 16 42 46  43.0
2017 03 13 16 42 47  43.0
2017 03 13 16 42 48  43.0
2017 03 13 16 42 49  43.0
2017 03 13 16 42 50  43.0
2017 03 13 16 42 51  43.0
2017 03 13 16 42 52  43.0
2017 03 13 16 42 53  43.0
2017 03 13 16 42 54  43.0
2017 03 13 16 42 55  43.0
2017 03 13 16 42 56  43.0
2017 03 13 16 42 57  43.0
2017 03 13 16 42 58  43.0
2017 03 13 16 42 59  43.0
2017 03 13 16 43 00  43.0
2017 03 13 16 43 01  43.0
2017 03 13 16 43 02  43.0
2017 03 13 16 43 03  43.0
2017 03 13 16 43 04  43.0
2017 03 13 16 43 05  43.0
2017 03 13 16 43 06  43.0
2017 03 13 16 43 07  43.0
2017 03 13 16 43 08  43.0
2017 03 13 16 43 09  43.0
2017 03 13 16 43 10  43.0
2017 03 13 16 43 11  43.0
2017 03 13 16 43 12  43.0
2017 03 13 16 43 13  43.0
2017 03 13 16 43 14  43.0
2017 03 13 16 43 15  43.0
2017 03 13 16 43 16  43.0
2017 03 13 16 43 17  43.0
2017 03 13 16 43 18  43.0
2017 03 13 16 43 19  43.0
2017 03 13 16 43 20  43.0
2017 03 13 16 43 21  43.0
2017 03 13 16 43 22  43.0
2017 03 13 16 43 23  43.0
2017 03 13 16 43 24  43.0
2017 03 13 16 43 25  43.0
2017 03 13 16 43 26  43.0
2017 03 13 16 43 27  43.0
2017 03 13 16 43 28  43.0
2017 03 13 16 43 29  43.0
2017 03 13 16 43 30  43.0
2017 03 13 16 43 31  43.0
2017 03 13 16 43 32  43.0
2017 03 13 16 43 33  43.0
2017 03 13 16 43 34  43.0
2017 03 13 16 43 35  43.0
2017 03 13 16 43 36  43.0
2017 03 13 16 43 37  43.0
2017 03 13 16 43 38  43.0
2017 03 13 16 43 39  43.0
2017 03 13 16 43 40  43.0
2017 03 13 16 43 41  43.0
2017 03 13 16 43 42  43.0
2017 03 13 16 43 43  43.0
2017 03 13 16 43 44  43.0
2017 03 13 16 43 45  43.0
2017 03 13 16 43 46  43.0
2017 03 13 16 43 47  43.0
2017 03 13 16 43 48  43.0
2017 03 13 16 43 49  44.0
2017 03 13 16 43 50  43.0
2017 03 13 16 43 51  43.0
2017 03 13 16 43 52  43.0
2017 03 13 16 43 53  43.0
2017 03 13 16 43 54  43.0
2017 03 13 16 43 55  43.0
2017 03 13 16 43 56  43.0
2017 03 13 16 43 57  43.0
2017 03 13 16 43 58  43.0
2017 03 13 16 43 59  43.0
2017 03 13 16 44 00  43.0
2017 03 13 16 44 01  43.0
2017 03 13 16 44 02  43.0
2017 03 13 16 44 03  43.0
2017 03 13 16 44 04  43.0
2017 03 13 16 44 05  43.0
2017 03 13 16 44 06  43.0
2017 03 13 16 44 07  43.0
2017 03 13 16 44 08  43.0
2017 03 13 16 44 09  43.0
2017 03 13 16 44 10  43.0
2017 03 13 16 44 11  43.0
2017 03 13 16 44 12  43.0
2017 03 13 16 44 13  43.0
2017 03 13 16 44 14  43.0
2017 03 13 16 44 15  43.0
2017 03 13 16 44 16  43.0
2017 03 13 16 44 17  43.0
2017 03 13 16 44 18  43.0
2017 03 13 16 44 19  43.0
2017 03 13 16 44 20  43.0
2017 03 13 16 44 21  43.0
2017 03 13 16 44 22  43.0
2017 03 13 16 44 23  43.0
2017 03 13 16 44 24  43.0
2017 03 13 16 44 25  43.0
2017 03 13 16 44 26  43.0
2017 03 13 16 44 27  43.0
2017 03 13 16 44 28  43.0
2017 03 13 16 44 29  43.0
2017 03 13 16 44 30  43.0
2017 03 13 16 44 31  43.0
2017 03 13 16 44 32  43.0
2017 03 13 16 44 33  43.0
2017 03 13 16 44 34  43.0
2017 03 13 16 44 35  43.0
2017 03 13 16 44 36  43.0
2017 03 13 16 44 37  43.0
2017 03 13 16 44 38  43.0
2017 03 13 16 44 39  43.0
2017 03 13 16 44 40  43.0
2017 03 13 16 44 41  43.0
2017 03 13 16 44 42  43.0
2017 03 13 16 44 43  43.0
2017 03 13 16 44 44  43.0
2017 03 13 16 44 45  43.0
2017 03 13 16 44 46  43.0
2017 03 13 16 44 47  43.0
2017 03 13 16 44 48  43.0
2017 03 13 16 44 49  43.0
2017 03 13 16 44 50  43.0
2017 03 13 16 44 51  43.0
2017 03 13 16 44 52  43.0
2017 03 13 16 44 53  43.0
2017 03 13 16 44 54  43.0
2017 03 13 16 44 55  43.0
2017 03 13 16 44 56  42.0
2017 03 13 16 44 57  43.0
2017 03 13 16 44 58  43.0
2017 03 13 16 44 59  43.0
2017 03 13 16 45 00  43.0
2017 03 13 16 45 01  43.0
2017 03 13 16 45 02  43.0
2017 03 13 16 45 03  42.0
2017 03 13 16 45 04  43.0
2017 03 13 16 45 05  43.0
2017 03 13 16 45 06  43.0
2017 03 13 16 45 07  43.0
2017 03 13 16 45 08  43.0
2017 03 13 16 45 09  43.0
2017 03 13 16 45 10  43.0
2017 03 13 16 45 11  43.0
2017 03 13 16 45 12  43.0
2017 03 13 16 45 13  44.0
2017 03 13 16 45 14  43.0
2017 03 13 16 45 15  43.0
2017 03 13 16 45 16  43.0
2017 03 13 16 45 17  43.0
2017 03 13 16 45 18  43.0
2017 03 13 16 45 19  43.0
2017 03 13 16 45 20  43.0
2017 03 13 16 45 21  43.0
2017 03 13 16 45 22  43.0
2017 03 13 16 45 23  43.0
2017 03 13 16 45 24  43.0
2017 03 13 16 45 25  43.0
2017 03 13 16 45 26  43.0
2017 03 13 16 45 27  43.0
2017 03 13 16 45 28  43.0
2017 03 13 16 45 29  43.0
2017 03 13 16 45 30  43.0
2017 03 13 16 45 31  43.0
2017 03 13 16 45 32  43.0
2017 03 13 16 45 33  42.0
2017 03 13 16 45 34  42.0
2017 03 13 16 45 35  43.0
2017 03 13 16 45 36  43.0
2017 03 13 16 45 37  43.0
2017 03 13 16 45 38  43.0
2017 03 13 16 45 39  43.0
2017 03 13 16 45 40  43.0
2017 03 13 16 45 41  43.0
2017 03 13 16 45 42  43.0
2017 03 13 16 45 43  43.0
2017 03 13 16 45 44  43.0
2017 03 13 16 45 45  43.0
2017 03 13 16 45 46  43.0
2017 03 13 16 45 47  43.0
2017 03 13 16 45 48  43.0
2017 03 13 16 45 49  43.0
2017 03 13 16 45 50  43.0
2017 03 13 16 45 51  43.0
2017 03 13 16 45 52  43.0
2017 03 13 16 45 53  43.0
2017 03 13 16 45 54  43.0
2017 03 13 16 45 55  43.0
2017 03 13 16 45 56  43.0
2017 03 13 16 45 57  43.0
2017 03 13 16 45 58  42.0
2017 03 13 16 45 59  42.0
2017 03 13 16 46 00  42.0
2017 03 13 16 46 01  42.0
2017 03 13 16 46 02  43.0
2017 03 13 16 46 03  43.0
2017 03 13 16 46 04  42.0
2017 03 13 16 46 05  43.0
2017 03 13 16 46 06  43.0
2017 03 13 16 46 07  43.0
2017 03 13 16 46 08  42.0
2017 03 13 16 46 09  43.0
2017 03 13 16 46 10  43.0
2017 03 13 16 46 11  43.0
2017 03 13 16 46 12  43.0
2017 03 13 16 46 13  42.0
2017 03 13 16 46 14  43.0
2017 03 13 16 46 15  43.0
2017 03 13 16 46 16  43.0
2017 03 13 16 46 17  42.0
2017 03 13 16 46 18  43.0
2017 03 13 16 46 19  42.0
2017 03 13 16 46 20  42.0
2017 03 13 16 46 21  43.0
2017 03 13 16 46 22  43.0
2017 03 13 16 46 23  43.0
2017 03 13 16 46 24  43.0
2017 03 13 16 46 25  43.0
2017 03 13 16 46 26  42.0
2017 03 13 16 46 27  42.0
2017 03 13 16 46 28  43.0
2017 03 13 16 46 29  43.0
2017 03 13 16 46 30  43.0
2017 03 13 16 46 31  43.0
2017 03 13 16 46 32  43.0
2017 03 13 16 46 33  43.0
2017 03 13 16 46 34  43.0
2017 03 13 16 46 35  42.0
2017 03 13 16 46 36  43.0
2017 03 13 16 46 37  43.0
2017 03 13 16 46 38  42.0
2017 03 13 16 46 39  43.0
2017 03 13 16 46 40  42.0
2017 03 13 16 46 41  43.0
2017 03 13 16 46 42  43.0
2017 03 13 16 46 43  43.0
2017 03 13 16 46 44  43.0
2017 03 13 16 46 45  42.0
2017 03 13 16 46 46  42.0
2017 03 13 16 46 47  43.0
2017 03 13 16 46 48  43.0
2017 03 13 16 46 49  43.0
2017 03 13 16 46 50  43.0
2017 03 13 16 46 51  43.0
2017 03 13 16 46 52  42.0
2017 03 13 16 46 53  43.0
2017 03 13 16 46 54  42.0
2017 03 13 16 46 55  42.0
2017 03 13 16 46 56  42.0
2017 03 13 16 46 57  42.0
2017 03 13 16 46 58  42.0
2017 03 13 16 46 59  43.0
2017 03 13 16 47 00  43.0
2017 03 13 16 47 01  43.0
2017 03 13 16 47 02  43.0
2017 03 13 16 47 03  43.0
2017 03 13 16 47 04  43.0
2017 03 13 16 47 05  43.0
2017 03 13 16 47 06  43.0
2017 03 13 16 47 07  43.0
2017 03 13 16 47 08  42.0
2017 03 13 16 47 09  42.0
2017 03 13 16 47 10  43.0
2017 03 13 16 47 11  43.0
2017 03 13 16 47 12  43.0
2017 03 13 16 47 13  43.0
2017 03 13 16 47 14  42.0
2017 03 13 16 47 15  43.0
2017 03 13 16 47 16  42.0
2017 03 13 16 47 17  42.0
2017 03 13 16 47 18  42.0
2017 03 13 16 47 19  43.0
2017 03 13 16 47 20  43.0
2017 03 13 16 47 21  42.0
2017 03 13 16 47 22  42.0
2017 03 13 16 47 23  42.0
2017 03 13 16 47 24  42.0
2017 03 13 16 47 25  42.0
2017 03 13 16 47 26  42.0
2017 03 13 16 47 27  42.0
2017 03 13 16 47 28  42.0
2017 03 13 16 47 29  42.0
2017 03 13 16 47 30  42.0
2017 03 13 16 47 31  42.0
2017 03 13 16 47 32  42.0
2017 03 13 16 47 33  42.0
2017 03 13 16 47 34  42.0
2017 03 13 16 47 35  43.0
2017 03 13 16 47 36  42.0
2017 03 13 16 47 37  42.0
2017 03 13 16 47 38  42.0
2017 03 13 16 47 39  42.0
2017 03 13 16 47 40  42.0
2017 03 13 16 47 41  43.0
2017 03 13 16 47 42  42.0
2017 03 13 16 47 43  42.0
2017 03 13 16 47 44  42.0
2017 03 13 16 47 45  42.0
2017 03 13 16 47 46  42.0
2017 03 13 16 47 47  43.0
2017 03 13 16 47 48  42.0
2017 03 13 16 47 49  42.0
2017 03 13 16 47 50  42.0
2017 03 13 16 47 51  42.0
2017 03 13 16 47 52  42.0
2017 03 13 16 47 53  42.0
2017 03 13 16 47 54  42.0
2017 03 13 16 47 55  43.0
2017 03 13 16 47 56  43.0
2017 03 13 16 47 57  42.0
2017 03 13 16 47 58  42.0
2017 03 13 16 47 59  42.0
2017 03 13 16 48 00  42.0
2017 03 13 16 48 01  43.0
2017 03 13 16 48 02  42.0
2017 03 13 16 48 03  44.0
2017 03 13 16 48 04  43.0
2017 03 13 16 48 05  42.0
2017 03 13 16 48 06  42.0
2017 03 13 16 48 07  43.0
2017 03 13 16 48 08  42.0
2017 03 13 16 48 09  42.0
2017 03 13 16 48 10  42.0
2017 03 13 16 48 11  42.0
2017 03 13 16 48 12  43.0
2017 03 13 16 48 13  43.0
2017 03 13 16 48 14  42.0
2017 03 13 16 48 15  42.0
2017 03 13 16 48 16  42.0
2017 03 13 16 48 17  42.0
2017 03 13 16 48 18  42.0
2017 03 13 16 48 19  42.0
2017 03 13 16 48 20  42.0
2017 03 13 16 48 21  42.0
2017 03 13 16 48 22  42.0
2017 03 13 16 48 23  42.0
2017 03 13 16 48 24  42.0
2017 03 13 16 48 25  42.0
2017 03 13 16 48 26  42.0
2017 03 13 16 48 27  42.0
2017 03 13 16 48 28  43.0
2017 03 13 16 48 29  43.0
2017 03 13 16 48 30  42.0
2017 03 13 16 48 31  42.0
2017 03 13 16 48 32  42.0
2017 03 13 16 48 33  42.0
2017 03 13 16 48 34  42.0
2017 03 13 16 48 35  42.0
2017 03 13 16 48 36  42.0
2017 03 13 16 48 37  42.0
2017 03 13 16 48 38  42.0
2017 03 13 16 48 39  42.0
2017 03 13 16 48 40  42.0
2017 03 13 16 48 41  42.0
2017 03 13 16 48 42  43.0
2017 03 13 16 48 43  42.0
2017 03 13 16 48 44  42.0
2017 03 13 16 48 45  43.0
2017 03 13 16 48 46  42.0
2017 03 13 16 48 47  42.0
2017 03 13 16 48 48  42.0
2017 03 13 16 48 49  43.0
2017 03 13 16 48 50  42.0
2017 03 13 16 48 51  42.0
2017 03 13 16 48 52  42.0
2017 03 13 16 48 53  42.0
2017 03 13 16 48 54  42.0
2017 03 13 16 48 55  42.0
2017 03 13 16 48 56  42.0
2017 03 13 16 48 57  42.0
2017 03 13 16 48 58  42.0
2017 03 13 16 48 59  42.0
2017 03 13 16 49 00  42.0
2017 03 13 16 49 01  42.0
2017 03 13 16 49 02  42.0
2017 03 13 16 49 03  42.0
2017 03 13 16 49 04  42.0
2017 03 13 16 49 05  42.0
2017 03 13 16 49 06  42.0
2017 03 13 16 49 07  42.0
2017 03 13 16 49 08  42.0
2017 03 13 16 49 09  42.0
2017 03 13 16 49 10  42.0
2017 03 13 16 49 11  42.0
2017 03 13 16 49 12  42.0
2017 03 13 16 49 13  42.0
2017 03 13 16 49 14  42.0
2017 03 13 16 49 15  42.0
2017 03 13 16 49 16  42.0
2017 03 13 16 49 17  42.0
2017 03 13 16 49 18  42.0
2017 03 13 16 49 19  42.0
2017 03 13 16 49 20  42.0
2017 03 13 16 49 21  42.0
2017 03 13 16 49 22  42.0
2017 03 13 16 49 23  42.0
2017 03 13 16 49 24  42.0
2017 03 13 16 49 25  42.0
2017 03 13 16 49 26  42.0
2017 03 13 16 49 27  42.0
2017 03 13 16 49 28  43.0
2017 03 13 16 49 29  43.0
2017 03 13 16 49 30  42.0
2017 03 13 16 49 31  42.0
2017 03 13 16 49 32  42.0
2017 03 13 16 49 33  42.0
2017 03 13 16 49 34  42.0
2017 03 13 16 49 35  42.0
2017 03 13 16 49 36  43.0
2017 03 13 16 49 37  42.0
2017 03 13 16 49 38  42.0
2017 03 13 16 49 39  42.0
2017 03 13 16 49 40  42.0
2017 03 13 16 49 41  42.0
2017 03 13 16 49 42  42.0
2017 03 13 16 49 43  42.0
2017 03 13 16 49 44  42.0
2017 03 13 16 49 45  42.0
2017 03 13 16 49 46  42.0
2017 03 13 16 49 47  42.0
2017 03 13 16 49 48  42.0
2017 03 13 16 49 49  42.0
2017 03 13 16 49 50  42.0
2017 03 13 16 49 51  42.0
2017 03 13 16 49 52  42.0
2017 03 13 16 49 53  42.0
2017 03 13 16 49 54  42.0
2017 03 13 16 49 55  42.0
2017 03 13 16 49 56  42.0
2017 03 13 16 49 57  42.0
2017 03 13 16 49 58  42.0
2017 03 13 16 49 59  42.0
2017 03 13 16 50 00  42.0
2017 03 13 16 50 01  42.0
2017 03 13 16 50 02  42.0
2017 03 13 16 50 03  42.0
2017 03 13 16 50 04  42.0
2017 03 13 16 50 05  42.0
2017 03 13 16 50 06  42.0
2017 03 13 16 50 07  42.0
2017 03 13 16 50 08  42.0
2017 03 13 16 50 09  42.0
2017 03 13 16 50 10  42.0
2017 03 13 16 50 11  42.0
2017 03 13 16 50 12  42.0
2017 03 13 16 50 13  42.0
2017 03 13 16 50 14  42.0
2017 03 13 16 50 15  42.0
2017 03 13 16 50 16  42.0
2017 03 13 16 50 17  42.0
2017 03 13 16 50 18  42.0
2017 03 13 16 50 19  42.0
2017 03 13 16 50 20  42.0
2017 03 13 16 50 21  42.0
2017 03 13 16 50 22  42.0
2017 03 13 16 50 23  42.0
2017 03 13 16 50 24  42.0
2017 03 13 16 50 25  42.0
2017 03 13 16 50 26  42.0
2017 03 13 16 50 27  42.0
2017 03 13 16 50 28  42.0
2017 03 13 16 50 29  42.0
2017 03 13 16 50 30  42.0
2017 03 13 16 50 31  42.0
2017 03 13 16 50 32  42.0
2017 03 13 16 50 33  42.0
2017 03 13 16 50 34  42.0
2017 03 13 16 50 35  42.0
2017 03 13 16 50 36  42.0
2017 03 13 16 50 37  42.0
2017 03 13 16 50 38  42.0
2017 03 13 16 50 39  42.0
2017 03 13 16 50 40  42.0
2017 03 13 16 50 41  42.0
2017 03 13 16 50 42  42.0
2017 03 13 16 50 43  42.0
2017 03 13 16 50 44  42.0
2017 03 13 16 50 45  42.0
2017 03 13 16 50 46  42.0
2017 03 13 16 50 47  42.0
2017 03 13 16 50 48  42.0
2017 03 13 16 50 49  42.0
2017 03 13 16 50 50  42.0
2017 03 13 16 50 51  42.0
2017 03 13 16 50 52  43.0
2017 03 13 16 50 53  42.0
2017 03 13 16 50 54  42.0
2017 03 13 16 50 55  42.0
2017 03 13 16 50 56  42.0
2017 03 13 16 50 57  42.0
2017 03 13 16 50 58  42.0
2017 03 13 16 50 59  42.0
2017 03 13 16 51 00  42.0
2017 03 13 16 51 01  42.0
2017 03 13 16 51 02  42.0
2017 03 13 16 51 03  42.0
2017 03 13 16 51 04  42.0
2017 03 13 16 51 05  42.0
2017 03 13 16 51 06  42.0
2017 03 13 16 51 07  42.0
2017 03 13 16 51 08  42.0
2017 03 13 16 51 09  42.0
2017 03 13 16 51 10  42.0
2017 03 13 16 51 11  42.0
2017 03 13 16 51 12  42.0
2017 03 13 16 51 13  42.0
2017 03 13 16 51 14  42.0
2017 03 13 16 51 15  42.0
2017 03 13 16 51 16  42.0
2017 03 13 16 51 17  42.0
2017 03 13 16 51 18  42.0
2017 03 13 16 51 19  42.0
2017 03 13 16 51 20  42.0
2017 03 13 16 51 21  42.0
2017 03 13 16 51 22  42.0
2017 03 13 16 51 23  42.0
2017 03 13 16 51 24  42.0
2017 03 13 16 51 25  42.0
2017 03 13 16 51 26  42.0
2017 03 13 16 51 27  42.0
2017 03 13 16 51 28  42.0
2017 03 13 16 51 29  42.0
2017 03 13 16 51 30  42.0
2017 03 13 16 51 31  42.0
2017 03 13 16 51 32  42.0
2017 03 13 16 51 33  42.0
2017 03 13 16 51 34  42.0
2017 03 13 16 51 35  42.0
2017 03 13 16 51 36  42.0
2017 03 13 16 51 37  42.0
2017 03 13 16 51 38  42.0
2017 03 13 16 51 39  42.0
2017 03 13 16 51 40  42.0
2017 03 13 16 51 41  42.0
2017 03 13 16 51 42  42.0
2017 03 13 16 51 43  42.0
2017 03 13 16 51 44  42.0
2017 03 13 16 51 45  42.0
2017 03 13 16 51 46  42.0
2017 03 13 16 51 47  42.0
2017 03 13 16 51 48  42.0
2017 03 13 16 51 49  42.0
2017 03 13 16 51 50  42.0
2017 03 13 16 51 51  42.0
2017 03 13 16 51 52  42.0
2017 03 13 16 51 53  42.0
2017 03 13 16 51 54  42.0
2017 03 13 16 51 55  42.0
2017 03 13 16 51 56  42.0
2017 03 13 16 51 57  42.0
2017 03 13 16 51 58  42.0
2017 03 13 16 51 59  42.0
2017 03 13 16 52 00  42.0
2017 03 13 16 52 01  42.0
2017 03 13 16 52 02  42.0
2017 03 13 16 52 03  42.0
2017 03 13 16 52 04  42.0
2017 03 13 16 52 05  42.0
2017 03 13 16 52 06  42.0
2017 03 13 16 52 07  42.0
2017 03 13 16 52 08  42.0
2017 03 13 16 52 09  42.0
2017 03 13 16 52 10  42.0
2017 03 13 16 52 11  42.0
2017 03 13 16 52 12  42.0
2017 03 13 16 52 13  42.0
2017 03 13 16 52 14  42.0
2017 03 13 16 52 15  42.0
2017 03 13 16 52 16  43.0
2017 03 13 16 52 17  42.0
2017 03 13 16 52 18  42.0
2017 03 13 16 52 19  42.0
2017 03 13 16 52 20  42.0
2017 03 13 16 52 21  42.0
2017 03 13 16 52 22  42.0
2017 03 13 16 52 23  42.0
2017 03 13 16 52 24  42.0
2017 03 13 16 52 25  42.0
2017 03 13 16 52 26  42.0
2017 03 13 16 52 27  42.0
2017 03 13 16 52 28  42.0
2017 03 13 16 52 29  42.0
2017 03 13 16 52 30  42.0
2017 03 13 16 52 31  42.0
2017 03 13 16 52 32  42.0
2017 03 13 16 52 33  42.0
2017 03 13 16 52 34  42.0
2017 03 13 16 52 35  42.0
2017 03 13 16 52 36  42.0
2017 03 13 16 52 37  42.0
2017 03 13 16 52 38  42.0
2017 03 13 16 52 39  42.0
2017 03 13 16 52 40  42.0
2017 03 13 16 52 41  42.0
2017 03 13 16 52 42  42.0
2017 03 13 16 52 43  42.0
2017 03 13 16 52 44  42.0
2017 03 13 16 52 45  42.0
2017 03 13 16 52 46  42.0
2017 03 13 16 52 47  42.0
2017 03 13 16 52 48  42.0
2017 03 13 16 52 49  42.0
2017 03 13 16 52 50  42.0
2017 03 13 16 52 51  42.0
2017 03 13 16 52 52  42.0
2017 03 13 16 52 53  42.0
2017 03 13 16 52 54  42.0
2017 03 13 16 52 55  42.0
2017 03 13 16 52 56  42.0
2017 03 13 16 52 57  42.0
2017 03 13 16 52 58  42.0
2017 03 13 16 52 59  42.0
2017 03 13 16 53 00  42.0
2017 03 13 16 53 01  42.0
2017 03 13 16 53 02  42.0
2017 03 13 16 53 03  42.0
2017 03 13 16 53 04  42.0
2017 03 13 16 53 05  42.0
2017 03 13 16 53 06  42.0
2017 03 13 16 53 07  42.0
2017 03 13 16 53 08  42.0
2017 03 13 16 53 09  42.0
2017 03 13 16 53 10  42.0
2017 03 13 16 53 11  42.0
2017 03 13 16 53 12  42.0
2017 03 13 16 53 13  42.0
2017 03 13 16 53 14  42.0
2017 03 13 16 53 15  42.0
2017 03 13 16 53 16  42.0
2017 03 13 16 53 17  42.0
2017 03 13 16 53 18  42.0
2017 03 13 16 53 19  42.0
2017 03 13 16 53 20  42.0
2017 03 13 16 53 21  42.0
2017 03 13 16 53 22  42.0
2017 03 13 16 53 23  42.0
2017 03 13 16 53 24  42.0
2017 03 13 16 53 25  42.0
2017 03 13 16 53 26  42.0
2017 03 13 16 53 27  42.0
2017 03 13 16 53 28  42.0
2017 03 13 16 53 29  42.0
2017 03 13 16 53 30  42.0
2017 03 13 16 53 31  42.0
2017 03 13 16 53 32  42.0
2017 03 13 16 53 33  42.0
2017 03 13 16 53 34  42.0
2017 03 13 16 53 35  42.0
2017 03 13 16 53 36  42.0
2017 03 13 16 53 37  42.0
2017 03 13 16 53 38  42.0
2017 03 13 16 53 39  43.0
2017 03 13 16 53 40  42.0
2017 03 13 16 53 41  42.0
2017 03 13 16 53 42  42.0
2017 03 13 16 53 43  42.0
2017 03 13 16 53 44  42.0
2017 03 13 16 53 45  42.0
2017 03 13 16 53 46  42.0
2017 03 13 16 53 47  42.0
2017 03 13 16 53 48  42.0
2017 03 13 16 53 49  42.0
2017 03 13 16 53 50  42.0
2017 03 13 16 53 51  42.0
2017 03 13 16 53 52  42.0
2017 03 13 16 53 53  42.0
2017 03 13 16 53 54  42.0
2017 03 13 16 53 55  42.0
2017 03 13 16 53 56  42.0
2017 03 13 16 53 57  42.0
2017 03 13 16 53 58  42.0
2017 03 13 16 53 59  42.0
2017 03 13 16 54 00  42.0
2017 03 13 16 54 01  42.0
2017 03 13 16 54 02  42.0
2017 03 13 16 54 03  42.0
2017 03 13 16 54 04  42.0
2017 03 13 16 54 05  42.0
2017 03 13 16 54 06  42.0
2017 03 13 16 54 07  42.0
2017 03 13 16 54 08  42.0
2017 03 13 16 54 09  42.0
2017 03 13 16 54 10  42.0
2017 03 13 16 54 11  42.0
2017 03 13 16 54 12  42.0
2017 03 13 16 54 13  42.0
2017 03 13 16 54 14  42.0
2017 03 13 16 54 15  42.0
2017 03 13 16 54 16  42.0
2017 03 13 16 54 17  42.0
2017 03 13 16 54 18  42.0
2017 03 13 16 54 19  42.0
2017 03 13 16 54 20  42.0
2017 03 13 16 54 21  42.0
2017 03 13 16 54 22  42.0
2017 03 13 16 54 23  42.0
2017 03 13 16 54 24  42.0
2017 03 13 16 54 25  42.0
2017 03 13 16 54 26  42.0
2017 03 13 16 54 27  42.0
2017 03 13 16 54 28  42.0
2017 03 13 16 54 29  42.0
2017 03 13 16 54 30  42.0
2017 03 13 16 54 31  42.0
2017 03 13 16 54 32  42.0
2017 03 13 16 54 33  42.0
2017 03 13 16 54 34  42.0
2017 03 13 16 54 35  42.0
2017 03 13 16 54 36  42.0
2017 03 13 16 54 37  42.0
2017 03 13 16 54 38  42.0
2017 03 13 16 54 39  42.0
2017 03 13 16 54 40  42.0
2017 03 13 16 54 41  42.0
2017 03 13 16 54 42  42.0
2017 03 13 16 54 43  42.0
2017 03 13 16 54 44  42.0
2017 03 13 16 54 45  42.0
2017 03 13 16 54 46  42.0
2017 03 13 16 54 47  42.0
2017 03 13 16 54 48  42.0
2017 03 13 16 54 49  42.0
2017 03 13 16 54 50  42.0
2017 03 13 16 54 51  42.0
2017 03 13 16 54 52  42.0
2017 03 13 16 54 53  42.0
2017 03 13 16 54 54  42.0
2017 03 13 16 54 55  42.0
2017 03 13 16 54 56  42.0
2017 03 13 16 54 57  42.0
2017 03 13 16 54 58  42.0
2017 03 13 16 54 59  42.0
2017 03 13 16 55 00  42.0
2017 03 13 16 55 01  42.0
2017 03 13 16 55 02  43.0
2017 03 13 16 55 03  43.0
2017 03 13 16 55 04  42.0
2017 03 13 16 55 05  42.0
2017 03 13 16 55 06  42.0
2017 03 13 16 55 07  42.0
2017 03 13 16 55 08  42.0
2017 03 13 16 55 09  42.0
2017 03 13 16 55 10  42.0
2017 03 13 16 55 11  42.0
2017 03 13 16 55 12  42.0
2017 03 13 16 55 13  42.0
2017 03 13 16 55 14  42.0
2017 03 13 16 55 15  42.0
2017 03 13 16 55 16  42.0
2017 03 13 16 55 17  42.0
2017 03 13 16 55 18  42.0
2017 03 13 16 55 19  42.0
2017 03 13 16 55 20  42.0
2017 03 13 16 55 21  42.0
2017 03 13 16 55 22  42.0
2017 03 13 16 55 23  42.0
2017 03 13 16 55 24  42.0
2017 03 13 16 55 25  42.0
2017 03 13 16 55 26  42.0
2017 03 13 16 55 27  42.0
2017 03 13 16 55 28  42.0
2017 03 13 16 55 29  42.0
2017 03 13 16 55 30  42.0
2017 03 13 16 55 31  42.0
2017 03 13 16 55 32  42.0
2017 03 13 16 55 33  42.0
2017 03 13 16 55 34  42.0
2017 03 13 16 55 35  42.0
2017 03 13 16 55 36  42.0
2017 03 13 16 55 37  42.0
2017 03 13 16 55 38  42.0
2017 03 13 16 55 39  42.0
2017 03 13 16 55 40  42.0
2017 03 13 16 55 41  42.0
2017 03 13 16 55 42  42.0
2017 03 13 16 55 43  42.0
2017 03 13 16 55 44  42.0
2017 03 13 16 55 45  42.0
2017 03 13 16 55 46  42.0
2017 03 13 16 55 47  42.0
2017 03 13 16 55 48  42.0
2017 03 13 16 55 49  42.0
2017 03 13 16 55 50  42.0
2017 03 13 16 55 51  42.0
2017 03 13 16 55 52  42.0
2017 03 13 16 55 53  42.0
2017 03 13 16 55 54  42.0
2017 03 13 16 55 55  42.0
2017 03 13 16 55 56  42.0
2017 03 13 16 55 57  42.0
2017 03 13 16 55 58  42.0
2017 03 13 16 55 59  42.0
2017 03 13 16 56 00  42.0
2017 03 13 16 56 01  42.0
2017 03 13 16 56 02  42.0
2017 03 13 16 56 03  42.0
2017 03 13 16 56 04  42.0
2017 03 13 16 56 05  42.0
2017 03 13 16 56 06  42.0
2017 03 13 16 56 07  42.0
2017 03 13 16 56 08  42.0
2017 03 13 16 56 09  42.0
2017 03 13 16 56 10  42.0
2017 03 13 16 56 11  42.0
2017 03 13 16 56 12  42.0
2017 03 13 16 56 13  42.0
2017 03 13 16 56 14  42.0
2017 03 13 16 56 15  42.0
2017 03 13 16 56 16  42.0
2017 03 13 16 56 17  42.0
2017 03 13 16 56 18  42.0
2017 03 13 16 56 19  42.0
2017 03 13 16 56 20  42.0
2017 03 13 16 56 21  42.0
2017 03 13 16 56 22  42.0
2017 03 13 16 56 23  42.0
2017 03 13 16 56 24  42.0
2017 03 13 16 56 25  42.0
2017 03 13 16 56 26  42.0
2017 03 13 16 56 27  43.0
2017 03 13 16 56 28  42.0
2017 03 13 16 56 29  42.0
2017 03 13 16 56 30  42.0
2017 03 13 16 56 31  42.0
2017 03 13 16 56 32  42.0
2017 03 13 16 56 33  42.0
2017 03 13 16 56 34  42.0
2017 03 13 16 56 35  42.0
2017 03 13 16 56 36  42.0
2017 03 13 16 56 37  42.0
2017 03 13 16 56 38  42.0
2017 03 13 16 56 39  42.0
2017 03 13 16 56 40  42.0
2017 03 13 16 56 41  42.0
2017 03 13 16 56 42  42.0
2017 03 13 16 56 43  42.0
2017 03 13 16 56 44  42.0
2017 03 13 16 56 45  42.0
2017 03 13 16 56 46  42.0
2017 03 13 16 56 47  42.0
2017 03 13 16 56 48  42.0
2017 03 13 16 56 49  42.0
2017 03 13 16 56 50  42.0
2017 03 13 16 56 51  42.0
2017 03 13 16 56 52  42.0
2017 03 13 16 56 53  42.0
2017 03 13 16 56 54  42.0
2017 03 13 16 56 55  42.0
2017 03 13 16 56 56  42.0
2017 03 13 16 56 57  42.0
2017 03 13 16 56 58  42.0
2017 03 13 16 56 59  42.0
2017 03 13 16 57 00  42.0
2017 03 13 16 57 01  42.0
2017 03 13 16 57 02  42.0
2017 03 13 16 57 03  42.0
2017 03 13 16 57 04  42.0
2017 03 13 16 57 05  42.0
2017 03 13 16 57 06  41.0
2017 03 13 16 57 07  41.0
2017 03 13 16 57 08  42.0
2017 03 13 16 57 09  42.0
2017 03 13 16 57 10  42.0
2017 03 13 16 57 11  42.0
2017 03 13 16 57 12  42.0
2017 03 13 16 57 13  42.0
2017 03 13 16 57 14  42.0
2017 03 13 16 57 15  42.0
2017 03 13 16 57 16  42.0
2017 03 13 16 57 17  42.0
2017 03 13 16 57 18  42.0
2017 03 13 16 57 19  42.0
2017 03 13 16 57 20  42.0
2017 03 13 16 57 21  42.0
2017 03 13 16 57 22  42.0
2017 03 13 16 57 23  42.0
2017 03 13 16 57 24  42.0
2017 03 13 16 57 25  42.0
2017 03 13 16 57 26  42.0
2017 03 13 16 57 27  42.0
2017 03 13 16 57 28  42.0
2017 03 13 16 57 29  42.0
2017 03 13 16 57 30  42.0
2017 03 13 16 57 31  42.0
2017 03 13 16 57 32  42.0
2017 03 13 16 57 33  42.0
2017 03 13 16 57 34  42.0
2017 03 13 16 57 35  42.0
2017 03 13 16 57 36  42.0
2017 03 13 16 57 37  42.0
2017 03 13 16 57 38  42.0
2017 03 13 16 57 39  42.0
2017 03 13 16 57 40  42.0
2017 03 13 16 57 41  42.0
2017 03 13 16 57 42  42.0
2017 03 13 16 57 43  42.0
2017 03 13 16 57 44  42.0
2017 03 13 16 57 45  42.0
2017 03 13 16 57 46  42.0
2017 03 13 16 57 47  42.0
2017 03 13 16 57 48  42.0
2017 03 13 16 57 49  42.0
2017 03 13 16 57 50  43.0
2017 03 13 16 57 51  42.0
2017 03 13 16 57 52  42.0
2017 03 13 16 57 53  42.0
2017 03 13 16 57 54  42.0
2017 03 13 16 57 55  42.0
2017 03 13 16 57 56  42.0
2017 03 13 16 57 57  42.0
2017 03 13 16 57 58  42.0
2017 03 13 16 57 59  42.0
2017 03 13 16 58 00  42.0
2017 03 13 16 58 01  42.0
2017 03 13 16 58 02  42.0
2017 03 13 16 58 03  42.0
2017 03 13 16 58 04  42.0
2017 03 13 16 58 05  42.0
2017 03 13 16 58 06  42.0
2017 03 13 16 58 07  42.0
2017 03 13 16 58 08  42.0
2017 03 13 16 58 09  42.0
2017 03 13 16 58 10  42.0
2017 03 13 16 58 11  42.0
2017 03 13 16 58 12  42.0
2017 03 13 16 58 13  42.0
2017 03 13 16 58 14  42.0
2017 03 13 16 58 15  42.0
2017 03 13 16 58 16  42.0
2017 03 13 16 58 17  42.0
2017 03 13 16 58 18  42.0
2017 03 13 16 58 19  42.0
2017 03 13 16 58 20  42.0
2017 03 13 16 58 21  42.0
2017 03 13 16 58 22  42.0
2017 03 13 16 58 23  42.0
2017 03 13 16 58 24  42.0
2017 03 13 16 58 25  42.0
2017 03 13 16 58 26  42.0
2017 03 13 16 58 27  42.0
2017 03 13 16 58 28  42.0
2017 03 13 16 58 29  42.0
2017 03 13 16 58 30  41.0
2017 03 13 16 58 31  42.0
2017 03 13 16 58 32  42.0
2017 03 13 16 58 33  42.0
2017 03 13 16 58 34  42.0
2017 03 13 16 58 35  42.0
2017 03 13 16 58 36  42.0
2017 03 13 16 58 37  42.0
2017 03 13 16 58 38  42.0
2017 03 13 16 58 39  42.0
2017 03 13 16 58 40  42.0
2017 03 13 16 58 41  42.0
2017 03 13 16 58 42  42.0
2017 03 13 16 58 43  42.0
2017 03 13 16 58 44  42.0
2017 03 13 16 58 45  42.0
2017 03 13 16 58 46  42.0
2017 03 13 16 58 47  42.0
2017 03 13 16 58 48  42.0
2017 03 13 16 58 49  42.0
2017 03 13 16 58 50  41.0
2017 03 13 16 58 51  42.0
2017 03 13 16 58 52  41.0
2017 03 13 16 58 53  42.0
2017 03 13 16 58 54  42.0
2017 03 13 16 58 55  42.0
2017 03 13 16 58 56  42.0
2017 03 13 16 58 57  42.0
2017 03 13 16 58 58  42.0
2017 03 13 16 58 59  42.0
2017 03 13 16 59 00  42.0
2017 03 13 16 59 01  42.0
2017 03 13 16 59 02  42.0
2017 03 13 16 59 03  42.0
2017 03 13 16 59 04  42.0
2017 03 13 16 59 05  42.0
2017 03 13 16 59 06  42.0
2017 03 13 16 59 07  42.0
2017 03 13 16 59 08  42.0
2017 03 13 16 59 09  42.0
2017 03 13 16 59 10  42.0
2017 03 13 16 59 11  42.0
2017 03 13 16 59 12  42.0
2017 03 13 16 59 13  42.0
2017 03 13 16 59 14  42.0
2017 03 13 16 59 15  42.0
2017 03 13 16 59 16  42.0
2017 03 13 16 59 17  42.0
2017 03 13 16 59 18  42.0
2017 03 13 16 59 19  42.0
2017 03 13 16 59 20  42.0
2017 03 13 16 59 21  42.0
2017 03 13 16 59 22  42.0
2017 03 13 16 59 23  42.0
2017 03 13 16 59 24  42.0
2017 03 13 16 59 25  42.0
2017 03 13 16 59 26  42.0
2017 03 13 16 59 27  42.0
2017 03 13 16 59 28  42.0
2017 03 13 16 59 29  42.0
2017 03 13 16 59 30  42.0
2017 03 13 16 59 31  42.0
2017 03 13 16 59 32  42.0
2017 03 13 16 59 33  42.0
2017 03 13 16 59 34  42.0
2017 03 13 16 59 35  42.0
2017 03 13 16 59 36  42.0
2017 03 13 16 59 37  42.0
2017 03 13 16 59 38  42.0
2017 03 13 16 59 39  42.0
2017 03 13 16 59 40  42.0
2017 03 13 16 59 41  41.0
2017 03 13 16 59 42  42.0
2017 03 13 16 59 43  42.0
2017 03 13 16 59 44  42.0
2017 03 13 16 59 45  42.0
2017 03 13 16 59 46  42.0
2017 03 13 16 59 47  42.0
2017 03 13 16 59 48  41.0
2017 03 13 16 59 49  42.0
2017 03 13 16 59 50  42.0
2017 03 13 16 59 51  42.0
2017 03 13 16 59 52  42.0
2017 03 13 16 59 53  41.0
2017 03 13 16 59 54  41.0
2017 03 13 16 59 55  41.0
2017 03 13 16 59 56  41.0
2017 03 13 16 59 57  41.0
2017 03 13 16 59 58  41.0
2017 03 13 16 59 59  42.0
2017 03 13 17 00 00  42.0
2017 03 13 17 00 01  42.0
2017 03 13 17 00 02  42.0
2017 03 13 17 00 03  42.0
2017 03 13 17 00 04  42.0
2017 03 13 17 00 05  42.0
2017 03 13 17 00 06  42.0
2017 03 13 17 00 07  41.0
2017 03 13 17 00 08  42.0
2017 03 13 17 00 09  42.0
2017 03 13 17 00 10  42.0
2017 03 13 17 00 11  42.0
2017 03 13 17 00 12  42.0
2017 03 13 17 00 13  41.0
2017 03 13 17 00 14  41.0
2017 03 13 17 00 15  41.0
2017 03 13 17 00 16  42.0
2017 03 13 17 00 17  42.0
2017 03 13 17 00 18  42.0
2017 03 13 17 00 19  42.0
2017 03 13 17 00 20  42.0
2017 03 13 17 00 21  41.0
2017 03 13 17 00 22  42.0
2017 03 13 17 00 23  42.0
2017 03 13 17 00 24  42.0
2017 03 13 17 00 25  42.0
2017 03 13 17 00 26  42.0
2017 03 13 17 00 27  42.0
2017 03 13 17 00 28  42.0
2017 03 13 17 00 29  42.0
2017 03 13 17 00 30  42.0
2017 03 13 17 00 31  42.0
2017 03 13 17 00 32  42.0
2017 03 13 17 00 33  42.0
2017 03 13 17 00 34  42.0
2017 03 13 17 00 35  42.0
2017 03 13 17 00 36  42.0
2017 03 13 17 00 37  43.0
2017 03 13 17 00 38  42.0
2017 03 13 17 00 39  41.0
2017 03 13 17 00 40  42.0
2017 03 13 17 00 41  42.0
2017 03 13 17 00 42  42.0
2017 03 13 17 00 43  42.0
2017 03 13 17 00 44  42.0
2017 03 13 17 00 45  42.0
2017 03 13 17 00 46  42.0
2017 03 13 17 00 47  41.0
2017 03 13 17 00 48  42.0
2017 03 13 17 00 49  41.0
2017 03 13 17 00 50  41.0
2017 03 13 17 00 51  42.0
2017 03 13 17 00 52  42.0
2017 03 13 17 00 53  42.0
2017 03 13 17 00 54  42.0
2017 03 13 17 00 55  42.0
2017 03 13 17 00 56  42.0
2017 03 13 17 00 57  42.0
2017 03 13 17 00 58  42.0
2017 03 13 17 00 59  42.0
2017 03 13 17 01 00  42.0
2017 03 13 17 01 01  42.0
2017 03 13 17 01 02  41.0
2017 03 13 17 01 03  41.0
2017 03 13 17 01 04  41.0
2017 03 13 17 01 05  42.0
2017 03 13 17 01 06  42.0
2017 03 13 17 01 07  42.0
2017 03 13 17 01 08  42.0
2017 03 13 17 01 09  42.0
2017 03 13 17 01 10  42.0
2017 03 13 17 01 11  41.0
2017 03 13 17 01 12  41.0
2017 03 13 17 01 13  42.0
2017 03 13 17 01 14  42.0
2017 03 13 17 01 15  41.0
2017 03 13 17 01 16  41.0
2017 03 13 17 01 17  41.0
2017 03 13 17 01 18  41.0
2017 03 13 17 01 19  41.0
2017 03 13 17 01 20  41.0
2017 03 13 17 01 21  41.0
2017 03 13 17 01 22  42.0
2017 03 13 17 01 23  42.0
2017 03 13 17 01 24  42.0
2017 03 13 17 01 25  42.0
2017 03 13 17 01 26  42.0
2017 03 13 17 01 27  41.0
2017 03 13 17 01 28  41.0
2017 03 13 17 01 29  41.0
2017 03 13 17 01 30  42.0
2017 03 13 17 01 31  41.0
2017 03 13 17 01 32  42.0
2017 03 13 17 01 33  41.0
2017 03 13 17 01 34  41.0
2017 03 13 17 01 35  41.0
2017 03 13 17 01 36  41.0
2017 03 13 17 01 37  41.0
2017 03 13 17 01 38  41.0
2017 03 13 17 01 39  41.0
2017 03 13 17 01 40  42.0
2017 03 13 17 01 41  41.0
2017 03 13 17 01 42  42.0
2017 03 13 17 01 43  42.0
2017 03 13 17 01 44  42.0
2017 03 13 17 01 45  42.0
2017 03 13 17 01 46  42.0
2017 03 13 17 01 47  41.0
2017 03 13 17 01 48  42.0
2017 03 13 17 01 49  42.0
2017 03 13 17 01 50  42.0
2017 03 13 17 01 51  41.0
2017 03 13 17 01 52  41.0
2017 03 13 17 01 53  41.0
2017 03 13 17 01 54  42.0
2017 03 13 17 01 55  42.0
2017 03 13 17 01 56  42.0
2017 03 13 17 01 57  41.0
2017 03 13 17 01 58  42.0
2017 03 13 17 01 59  41.0
2017 03 13 17 02 00  42.0
2017 03 13 17 02 01  42.0
2017 03 13 17 02 02  42.0
2017 03 13 17 02 03  42.0
2017 03 13 17 02 04  42.0
2017 03 13 17 02 05  42.0
2017 03 13 17 02 06  42.0
2017 03 13 17 02 07  42.0
2017 03 13 17 02 08  42.0
2017 03 13 17 02 09  41.0
2017 03 13 17 02 10  41.0
2017 03 13 17 02 11  42.0
2017 03 13 17 02 12  41.0
2017 03 13 17 02 13  41.0
2017 03 13 17 02 14  41.0
2017 03 13 17 02 15  42.0
2017 03 13 17 02 16  42.0
2017 03 13 17 02 17  41.0
2017 03 13 17 02 18  41.0
2017 03 13 17 02 19  42.0
2017 03 13 17 02 20  42.0
2017 03 13 17 02 21  42.0
2017 03 13 17 02 22  42.0
2017 03 13 17 02 23  42.0
2017 03 13 17 02 24  42.0
2017 03 13 17 02 25  41.0
2017 03 13 17 02 26  41.0
2017 03 13 17 02 27  41.0
2017 03 13 17 02 28  42.0
2017 03 13 17 02 29  42.0
2017 03 13 17 02 30  42.0
2017 03 13 17 02 31  42.0
2017 03 13 17 02 32  42.0
2017 03 13 17 02 33  42.0
2017 03 13 17 02 34  41.0
2017 03 13 17 02 35  41.0
2017 03 13 17 02 36  41.0
2017 03 13 17 02 37  41.0
2017 03 13 17 02 38  42.0
2017 03 13 17 02 39  41.0
2017 03 13 17 02 40  41.0
2017 03 13 17 02 41  41.0
2017 03 13 17 02 42  41.0
2017 03 13 17 02 43  41.0
2017 03 13 17 02 44  41.0
2017 03 13 17 02 45  41.0
2017 03 13 17 02 46  42.0
2017 03 13 17 02 47  42.0
2017 03 13 17 02 48  42.0
2017 03 13 17 02 49  42.0
2017 03 13 17 02 50  42.0
2017 03 13 17 02 51  42.0
2017 03 13 17 02 52  42.0
2017 03 13 17 02 53  41.0
2017 03 13 17 02 54  41.0
2017 03 13 17 02 55  41.0
2017 03 13 17 02 56  41.0
2017 03 13 17 02 57  42.0
2017 03 13 17 02 58  42.0
2017 03 13 17 02 59  41.0
2017 03 13 17 03 00  41.0
2017 03 13 17 03 01  41.0
2017 03 13 17 03 02  41.0
2017 03 13 17 03 03  41.0
2017 03 13 17 03 04  42.0
2017 03 13 17 03 05  42.0
2017 03 13 17 03 06  42.0
2017 03 13 17 03 07  41.0
2017 03 13 17 03 08  41.0
2017 03 13 17 03 09  41.0
2017 03 13 17 03 10  41.0
2017 03 13 17 03 11  42.0
2017 03 13 17 03 12  42.0
2017 03 13 17 03 13  42.0
2017 03 13 17 03 14  42.0
2017 03 13 17 03 15  42.0
2017 03 13 17 03 16  41.0
2017 03 13 17 03 17  41.0
2017 03 13 17 03 18  41.0
2017 03 13 17 03 19  41.0
2017 03 13 17 03 20  42.0
2017 03 13 17 03 21  42.0
2017 03 13 17 03 22  41.0
2017 03 13 17 03 23  42.0
2017 03 13 17 03 24  42.0
2017 03 13 17 03 25  41.0
2017 03 13 17 03 26  41.0
2017 03 13 17 03 27  42.0
2017 03 13 17 03 28  41.0
2017 03 13 17 03 29  41.0
2017 03 13 17 03 30  42.0
2017 03 13 17 03 31  41.0
2017 03 13 17 03 32  41.0
2017 03 13 17 03 33  41.0
2017 03 13 17 03 34  41.0
2017 03 13 17 03 35  41.0
2017 03 13 17 03 36  41.0
2017 03 13 17 03 37  41.0
2017 03 13 17 03 38  41.0
2017 03 13 17 03 39  42.0
2017 03 13 17 03 40  42.0
2017 03 13 17 03 41  41.0
2017 03 13 17 03 42  41.0
2017 03 13 17 03 43  42.0
2017 03 13 17 03 44  42.0
2017 03 13 17 03 45  42.0
2017 03 13 17 03 46  42.0
2017 03 13 17 03 47  41.0
2017 03 13 17 03 48  42.0
2017 03 13 17 03 49  41.0
2017 03 13 17 03 50  41.0
2017 03 13 17 03 51  41.0
2017 03 13 17 03 52  41.0
2017 03 13 17 03 53  42.0
2017 03 13 17 03 54  42.0
2017 03 13 17 03 55  41.0
2017 03 13 17 03 56  42.0
2017 03 13 17 03 57  41.0
2017 03 13 17 03 58  41.0
2017 03 13 17 03 59  41.0
2017 03 13 17 04 00  41.0
2017 03 13 17 04 01  41.0
2017 03 13 17 04 02  42.0
2017 03 13 17 04 03  41.0
2017 03 13 17 04 04  41.0
2017 03 13 17 04 05  41.0
2017 03 13 17 04 06  41.0
2017 03 13 17 04 07  41.0
2017 03 13 17 04 08  41.0
2017 03 13 17 04 09  41.0
2017 03 13 17 04 10  41.0
2017 03 13 17 04 11  42.0
2017 03 13 17 04 12  42.0
2017 03 13 17 04 13  42.0
2017 03 13 17 04 14  41.0
2017 03 13 17 04 15  41.0
2017 03 13 17 04 16  41.0
2017 03 13 17 04 17  41.0
2017 03 13 17 04 18  41.0
2017 03 13 17 04 19  41.0
2017 03 13 17 04 20  41.0
2017 03 13 17 04 21  42.0
2017 03 13 17 04 22  41.0
2017 03 13 17 04 23  41.0
2017 03 13 17 04 24  41.0
2017 03 13 17 04 25  41.0
2017 03 13 17 04 26  41.0
2017 03 13 17 04 27  41.0
2017 03 13 17 04 28  41.0
2017 03 13 17 04 29  41.0
2017 03 13 17 04 30  42.0
2017 03 13 17 04 31  41.0
2017 03 13 17 04 32  41.0
2017 03 13 17 04 33  41.0
2017 03 13 17 04 34  41.0
2017 03 13 17 04 35  41.0
2017 03 13 17 04 36  41.0
2017 03 13 17 04 37  41.0
2017 03 13 17 04 38  41.0
2017 03 13 17 04 39  41.0
2017 03 13 17 04 40  41.0
2017 03 13 17 04 41  41.0
2017 03 13 17 04 42  41.0
2017 03 13 17 04 43  41.0
2017 03 13 17 04 44  42.0
2017 03 13 17 04 45  42.0
2017 03 13 17 04 46  41.0
2017 03 13 17 04 47  42.0
2017 03 13 17 04 48  42.0
2017 03 13 17 04 49  41.0
2017 03 13 17 04 50  41.0
2017 03 13 17 04 51  41.0
2017 03 13 17 04 52  41.0
2017 03 13 17 04 53  41.0
2017 03 13 17 04 54  41.0
2017 03 13 17 04 55  41.0
2017 03 13 17 04 56  41.0
2017 03 13 17 04 57  41.0
2017 03 13 17 04 58  41.0
2017 03 13 17 04 59  41.0
2017 03 13 17 05 00  41.0
2017 03 13 17 05 01  41.0
2017 03 13 17 05 02  41.0
2017 03 13 17 05 03  41.0
2017 03 13 17 05 04  41.0
2017 03 13 17 05 05  41.0
2017 03 13 17 05 06  41.0
2017 03 13 17 05 07  41.0
2017 03 13 17 05 08  41.0
2017 03 13 17 05 09  42.0
2017 03 13 17 05 10  42.0
2017 03 13 17 05 11  41.0
2017 03 13 17 05 12  41.0
2017 03 13 17 05 13  41.0
2017 03 13 17 05 14  41.0
2017 03 13 17 05 15  41.0
2017 03 13 17 05 16  41.0
2017 03 13 17 05 17  41.0
2017 03 13 17 05 18  41.0
2017 03 13 17 05 19  41.0
2017 03 13 17 05 20  41.0
2017 03 13 17 05 21  41.0
2017 03 13 17 05 22  41.0
2017 03 13 17 05 23  41.0
2017 03 13 17 05 24  41.0
2017 03 13 17 05 25  41.0
2017 03 13 17 05 26  41.0
2017 03 13 17 05 27  41.0
2017 03 13 17 05 28  41.0
2017 03 13 17 05 29  41.0
2017 03 13 17 05 30  41.0
2017 03 13 17 05 31  41.0
2017 03 13 17 05 32  41.0
2017 03 13 17 05 33  41.0
2017 03 13 17 05 34  42.0
2017 03 13 17 05 35  42.0
2017 03 13 17 05 36  42.0
2017 03 13 17 05 37  41.0
2017 03 13 17 05 38  41.0
2017 03 13 17 05 39  41.0
2017 03 13 17 05 40  41.0
2017 03 13 17 05 41  41.0
2017 03 13 17 05 42  41.0
2017 03 13 17 05 43  41.0
2017 03 13 17 05 44  41.0
2017 03 13 17 05 45  41.0
2017 03 13 17 05 46  41.0
2017 03 13 17 05 47  41.0
2017 03 13 17 05 48  41.0
2017 03 13 17 05 49  41.0
2017 03 13 17 05 50  41.0
2017 03 13 17 05 51  41.0
2017 03 13 17 05 52  41.0
2017 03 13 17 05 53  41.0
2017 03 13 17 05 54  41.0
2017 03 13 17 05 55  41.0
2017 03 13 17 05 56  41.0
2017 03 13 17 05 57  41.0
2017 03 13 17 05 58  41.0
2017 03 13 17 05 59  42.0
2017 03 13 17 06 00  41.0
2017 03 13 17 06 01  41.0
2017 03 13 17 06 02  41.0
2017 03 13 17 06 03  41.0
2017 03 13 17 06 04  41.0
2017 03 13 17 06 05  41.0
2017 03 13 17 06 06  41.0
2017 03 13 17 06 07  42.0
2017 03 13 17 06 08  41.0
2017 03 13 17 06 09  41.0
2017 03 13 17 06 10  42.0
2017 03 13 17 06 11  42.0
2017 03 13 17 06 12  41.0
2017 03 13 17 06 13  41.0
2017 03 13 17 06 14  41.0
2017 03 13 17 06 15  41.0
2017 03 13 17 06 16  41.0
2017 03 13 17 06 17  41.0
2017 03 13 17 06 18  41.0
2017 03 13 17 06 19  41.0
2017 03 13 17 06 20  41.0
2017 03 13 17 06 21  41.0
2017 03 13 17 06 22  41.0
2017 03 13 17 06 23  41.0
2017 03 13 17 06 24  41.0
2017 03 13 17 06 25  41.0
2017 03 13 17 06 26  41.0
2017 03 13 17 06 27  41.0
2017 03 13 17 06 28  41.0
2017 03 13 17 06 29  41.0
2017 03 13 17 06 30  41.0
2017 03 13 17 06 31  41.0
2017 03 13 17 06 32  41.0
2017 03 13 17 06 33  41.0
2017 03 13 17 06 34  41.0
2017 03 13 17 06 35  41.0
2017 03 13 17 06 36  41.0
2017 03 13 17 06 37  41.0
2017 03 13 17 06 38  41.0
2017 03 13 17 06 39  41.0
2017 03 13 17 06 40  41.0
2017 03 13 17 06 41  41.0
2017 03 13 17 06 42  41.0
2017 03 13 17 06 43  41.0
2017 03 13 17 06 44  41.0
2017 03 13 17 06 45  41.0
2017 03 13 17 06 46  41.0
2017 03 13 17 06 47  41.0
2017 03 13 17 06 48  41.0
2017 03 13 17 06 49  41.0
2017 03 13 17 06 50  41.0
2017 03 13 17 06 51  41.0
2017 03 13 17 06 52  41.0
2017 03 13 17 06 53  41.0
2017 03 13 17 06 54  41.0
2017 03 13 17 06 55  41.0
2017 03 13 17 06 56  41.0
2017 03 13 17 06 57  41.0
2017 03 13 17 06 58  42.0
2017 03 13 17 06 59  41.0
2017 03 13 17 07 00  41.0
2017 03 13 17 07 01  41.0
2017 03 13 17 07 02  41.0
2017 03 13 17 07 03  41.0
2017 03 13 17 07 04  41.0
2017 03 13 17 07 05  41.0
2017 03 13 17 07 06  41.0
2017 03 13 17 07 07  41.0
2017 03 13 17 07 08  41.0
2017 03 13 17 07 09  41.0
2017 03 13 17 07 10  41.0
2017 03 13 17 07 11  41.0
2017 03 13 17 07 12  41.0
2017 03 13 17 07 13  41.0
2017 03 13 17 07 14  41.0
2017 03 13 17 07 15  41.0
2017 03 13 17 07 16  41.0
2017 03 13 17 07 17  41.0
2017 03 13 17 07 18  41.0
2017 03 13 17 07 19  41.0
2017 03 13 17 07 20  41.0
2017 03 13 17 07 21  41.0
2017 03 13 17 07 22  42.0
2017 03 13 17 07 23  41.0
2017 03 13 17 07 24  41.0
2017 03 13 17 07 25  41.0
2017 03 13 17 07 26  41.0
2017 03 13 17 07 27  41.0
2017 03 13 17 07 28  41.0
2017 03 13 17 07 29  41.0
2017 03 13 17 07 30  41.0
2017 03 13 17 07 31  41.0
2017 03 13 17 07 32  41.0
2017 03 13 17 07 33  42.0
2017 03 13 17 07 34  41.0
2017 03 13 17 07 35  41.0
2017 03 13 17 07 36  41.0
2017 03 13 17 07 37  41.0
2017 03 13 17 07 38  41.0
2017 03 13 17 07 39  41.0
2017 03 13 17 07 40  41.0
2017 03 13 17 07 41  41.0
2017 03 13 17 07 42  41.0
2017 03 13 17 07 43  41.0
2017 03 13 17 07 44  41.0
2017 03 13 17 07 45  41.0
2017 03 13 17 07 46  41.0
2017 03 13 17 07 47  41.0
2017 03 13 17 07 48  41.0
2017 03 13 17 07 49  41.0
2017 03 13 17 07 50  41.0
2017 03 13 17 07 51  41.0
2017 03 13 17 07 52  41.0
2017 03 13 17 07 53  41.0
2017 03 13 17 07 54  41.0
2017 03 13 17 07 55  41.0
2017 03 13 17 07 56  41.0
2017 03 13 17 07 57  41.0
2017 03 13 17 07 58  41.0
2017 03 13 17 07 59  41.0
2017 03 13 17 08 00  41.0
2017 03 13 17 08 01  41.0
2017 03 13 17 08 02  41.0
2017 03 13 17 08 03  41.0
2017 03 13 17 08 04  41.0
2017 03 13 17 08 05  41.0
2017 03 13 17 08 06  41.0
2017 03 13 17 08 07  41.0
2017 03 13 17 08 08  41.0
2017 03 13 17 08 09  41.0
2017 03 13 17 08 10  41.0
2017 03 13 17 08 11  41.0
2017 03 13 17 08 12  41.0
2017 03 13 17 08 13  41.0
2017 03 13 17 08 14  41.0
2017 03 13 17 08 15  41.0
2017 03 13 17 08 16  41.0
2017 03 13 17 08 17  41.0
2017 03 13 17 08 18  41.0
2017 03 13 17 08 19  41.0
2017 03 13 17 08 20  41.0
2017 03 13 17 08 21  41.0
2017 03 13 17 08 22  41.0
2017 03 13 17 08 23  41.0
2017 03 13 17 08 24  41.0
2017 03 13 17 08 25  41.0
2017 03 13 17 08 26  41.0
2017 03 13 17 08 27  41.0
2017 03 13 17 08 28  41.0
2017 03 13 17 08 29  41.0
2017 03 13 17 08 30  41.0
2017 03 13 17 08 31  41.0
2017 03 13 17 08 32  41.0
2017 03 13 17 08 33  41.0
2017 03 13 17 08 34  41.0
2017 03 13 17 08 35  41.0
2017 03 13 17 08 36  41.0
2017 03 13 17 08 37  41.0
2017 03 13 17 08 38  41.0
2017 03 13 17 08 39  41.0
2017 03 13 17 08 40  41.0
2017 03 13 17 08 41  41.0
2017 03 13 17 08 42  41.0
2017 03 13 17 08 43  41.0
2017 03 13 17 08 44  41.0
2017 03 13 17 08 45  41.0
2017 03 13 17 08 46  41.0
2017 03 13 17 08 47  41.0
2017 03 13 17 08 48  41.0
2017 03 13 17 08 49  41.0
2017 03 13 17 08 50  41.0
2017 03 13 17 08 51  41.0
2017 03 13 17 08 52  41.0
2017 03 13 17 08 53  41.0
2017 03 13 17 08 54  41.0
2017 03 13 17 08 55  41.0
2017 03 13 17 08 56  41.0
2017 03 13 17 08 57  42.0
2017 03 13 17 08 58  41.0
2017 03 13 17 08 59  41.0
2017 03 13 17 09 00  41.0
2017 03 13 17 09 01  41.0
2017 03 13 17 09 02  41.0
2017 03 13 17 09 03  41.0
2017 03 13 17 09 04  41.0
2017 03 13 17 09 05  41.0
2017 03 13 17 09 06  41.0
2017 03 13 17 09 07  41.0
2017 03 13 17 09 08  41.0
2017 03 13 17 09 09  41.0
2017 03 13 17 09 10  41.0
2017 03 13 17 09 11  41.0
2017 03 13 17 09 12  41.0
2017 03 13 17 09 13  41.0
2017 03 13 17 09 14  41.0
2017 03 13 17 09 15  41.0
2017 03 13 17 09 16  41.0
2017 03 13 17 09 17  41.0
2017 03 13 17 09 18  41.0
2017 03 13 17 09 19  41.0
2017 03 13 17 09 20  41.0
2017 03 13 17 09 21  41.0
2017 03 13 17 09 22  41.0
2017 03 13 17 09 23  41.0
2017 03 13 17 09 24  41.0
2017 03 13 17 09 25  41.0
2017 03 13 17 09 26  41.0
2017 03 13 17 09 27  41.0
2017 03 13 17 09 28  41.0
2017 03 13 17 09 29  41.0
2017 03 13 17 09 30  41.0
2017 03 13 17 09 31  41.0
2017 03 13 17 09 32  41.0
2017 03 13 17 09 33  41.0
2017 03 13 17 09 34  41.0
2017 03 13 17 09 35  41.0
2017 03 13 17 09 36  41.0
2017 03 13 17 09 37  41.0
2017 03 13 17 09 38  41.0
2017 03 13 17 09 39  41.0
2017 03 13 17 09 40  41.0
2017 03 13 17 09 41  41.0
2017 03 13 17 09 42  41.0
2017 03 13 17 09 43  41.0
2017 03 13 17 09 44  41.0
2017 03 13 17 09 45  41.0
2017 03 13 17 09 46  41.0
2017 03 13 17 09 47  41.0
2017 03 13 17 09 48  41.0
2017 03 13 17 09 49  41.0
2017 03 13 17 09 50  41.0
2017 03 13 17 09 51  41.0
2017 03 13 17 09 52  41.0
2017 03 13 17 09 53  41.0
2017 03 13 17 09 54  41.0
2017 03 13 17 09 55  41.0
2017 03 13 17 09 56  41.0
2017 03 13 17 09 57  41.0
2017 03 13 17 09 58  41.0
2017 03 13 17 09 59  41.0
2017 03 13 17 10 00  41.0
2017 03 13 17 10 01  41.0
2017 03 13 17 10 02  41.0
2017 03 13 17 10 03  41.0
2017 03 13 17 10 04  41.0
2017 03 13 17 10 05  41.0
2017 03 13 17 10 06  41.0
2017 03 13 17 10 07  41.0
2017 03 13 17 10 08  41.0
2017 03 13 17 10 09  41.0
2017 03 13 17 10 10  41.0
2017 03 13 17 10 11  41.0
2017 03 13 17 10 12  41.0
2017 03 13 17 10 13  41.0
2017 03 13 17 10 14  41.0
2017 03 13 17 10 15  41.0
2017 03 13 17 10 16  41.0
2017 03 13 17 10 17  41.0
2017 03 13 17 10 18  41.0
2017 03 13 17 10 19  41.0
2017 03 13 17 10 20  42.0
2017 03 13 17 10 21  41.0
2017 03 13 17 10 22  41.0
2017 03 13 17 10 23  41.0
2017 03 13 17 10 24  41.0
2017 03 13 17 10 25  41.0
2017 03 13 17 10 26  41.0
2017 03 13 17 10 27  41.0
2017 03 13 17 10 28  41.0
2017 03 13 17 10 29  41.0
2017 03 13 17 10 30  41.0
2017 03 13 17 10 31  41.0
2017 03 13 17 10 32  41.0
2017 03 13 17 10 33  41.0
2017 03 13 17 10 34  41.0
2017 03 13 17 10 35  41.0
2017 03 13 17 10 36  41.0
2017 03 13 17 10 37  44.0
2017 03 13 17 10 38  44.0
2017 03 13 17 10 39  44.0
2017 03 13 17 10 40  44.0
2017 03 13 17 10 41  44.0
2017 03 13 17 10 42  46.0
2017 03 13 17 10 43  46.0
2017 03 13 17 10 44  46.0
2017 03 13 17 10 45  46.0
2017 03 13 17 10 46  46.0
2017 03 13 17 10 47  45.0
2017 03 13 17 10 48  45.0
2017 03 13 17 10 49  44.0
2017 03 13 17 10 50  45.0
2017 03 13 17 10 51  44.0
2017 03 13 17 10 52  44.0
2017 03 13 17 10 53  43.0
2017 03 13 17 10 54  45.0
2017 03 13 17 10 55  44.0
2017 03 13 17 10 56  45.0
2017 03 13 17 10 57  45.0
2017 03 13 17 10 58  45.0
2017 03 13 17 10 59  44.0
2017 03 13 17 11 00  45.0
2017 03 13 17 11 01  45.0
2017 03 13 17 11 02  44.0
2017 03 13 17 11 03  46.0
2017 03 13 17 11 04  49.0
2017 03 13 17 11 05  44.0
2017 03 13 17 11 06  48.0
2017 03 13 17 11 07  46.0
2017 03 13 17 11 08  44.0
2017 03 13 17 11 09  47.0
2017 03 13 17 11 10  47.0
2017 03 13 17 11 11  44.0
2017 03 13 17 11 12  45.0
2017 03 13 17 11 13  45.0
2017 03 13 17 11 14  44.0
2017 03 13 17 11 15  44.0
2017 03 13 17 11 16  46.0
2017 03 13 17 11 17  44.0
2017 03 13 17 11 18  46.0
2017 03 13 17 11 19  45.0
2017 03 13 17 11 20  44.0
2017 03 13 17 11 21  49.0
2017 03 13 17 11 22  51.0
2017 03 13 17 11 23  52.0
2017 03 13 17 11 24  49.0
2017 03 13 17 11 25  51.0
2017 03 13 17 11 26  49.0
2017 03 13 17 11 27  50.0
2017 03 13 17 11 28  50.0
2017 03 13 17 11 29  50.0
2017 03 13 17 11 30  50.0
2017 03 13 17 11 31  50.0
2017 03 13 17 11 32  49.0
2017 03 13 17 11 33  48.0
2017 03 13 17 11 34  47.0
2017 03 13 17 11 35  45.0
2017 03 13 17 11 36  48.0
2017 03 13 17 11 37  49.0
2017 03 13 17 11 38  50.0
2017 03 13 17 11 39  50.0
2017 03 13 17 11 40  48.0
2017 03 13 17 11 41  49.0
2017 03 13 17 11 42  48.0
2017 03 13 17 11 43  48.0
2017 03 13 17 11 44  49.0
2017 03 13 17 11 45  48.0
2017 03 13 17 11 46  48.0
2017 03 13 17 11 47  47.0
2017 03 13 17 11 48  45.0
2017 03 13 17 11 49  45.0
2017 03 13 17 11 50  47.0
2017 03 13 17 11 51  54.0
2017 03 13 17 11 52  47.0
2017 03 13 17 11 53  44.0
2017 03 13 17 11 54  44.0
2017 03 13 17 11 55  43.0
2017 03 13 17 11 56  44.0
2017 03 13 17 11 57  55.0
2017 03 13 17 11 58  49.0
2017 03 13 17 11 59  48.0
2017 03 13 17 12 00  51.0
2017 03 13 17 12 01  50.0
2017 03 13 17 12 02  46.0
2017 03 13 17 12 03  49.0
2017 03 13 17 12 04  49.0
2017 03 13 17 12 05  48.0
2017 03 13 17 12 06  49.0
2017 03 13 17 12 07  47.0
2017 03 13 17 12 08  45.0
2017 03 13 17 12 09  47.0
2017 03 13 17 12 10  47.0
2017 03 13 17 12 11  45.0
2017 03 13 17 12 12  49.0
2017 03 13 17 12 13  46.0
2017 03 13 17 12 14  53.0
2017 03 13 17 12 15  55.0
2017 03 13 17 12 16  48.0
2017 03 13 17 12 17  46.0
2017 03 13 17 12 18  48.0
2017 03 13 17 12 19  50.0
2017 03 13 17 12 20  48.0
2017 03 13 17 12 21  52.0
2017 03 13 17 12 22  47.0
2017 03 13 17 12 23  54.0
2017 03 13 17 12 24  51.0
2017 03 13 17 12 25  44.0
2017 03 13 17 12 26  50.0
2017 03 13 17 12 27  50.0
2017 03 13 17 12 28  48.0
2017 03 13 17 12 29  50.0
2017 03 13 17 12 30  50.0
2017 03 13 17 12 31  48.0
2017 03 13 17 12 32  48.0
2017 03 13 17 12 33  51.0
2017 03 13 17 12 34  48.0
2017 03 13 17 12 35  45.0
2017 03 13 17 12 36  44.0
2017 03 13 17 12 37  66.0
2017 03 13 17 12 38  70.0
2017 03 13 17 12 39  56.0
2017 03 13 17 12 40  45.0
2017 03 13 17 12 41  43.0
2017 03 13 17 12 42  43.0
2017 03 13 17 12 43  43.0
2017 03 13 17 12 44  72.0
2017 03 13 17 12 45  78.0
2017 03 13 17 12 46  53.0
2017 03 13 17 12 47  43.0
2017 03 13 17 12 48  43.0
2017 03 13 17 12 49  43.0
2017 03 13 17 12 50  43.0
2017 03 13 17 12 51  43.0
2017 03 13 17 12 52  43.0
2017 03 13 17 12 53  43.0
2017 03 13 17 12 54  43.0
2017 03 13 17 12 55  44.0
2017 03 13 17 12 56  43.0
2017 03 13 17 12 57  44.0
2017 03 13 17 12 58  43.0
2017 03 13 17 12 59  46.0
2017 03 13 17 13 00  46.0
2017 03 13 17 13 01  50.0
2017 03 13 17 13 02  43.0
2017 03 13 17 13 03  47.0
2017 03 13 17 13 04  51.0
2017 03 13 17 13 05  44.0
2017 03 13 17 13 06  44.0
2017 03 13 17 13 07  45.0
2017 03 13 17 13 08  45.0
2017 03 13 17 13 09  45.0
2017 03 13 17 13 10  44.0
2017 03 13 17 13 11  44.0
2017 03 13 17 13 12  46.0
2017 03 13 17 13 13  50.0
2017 03 13 17 13 14  45.0
2017 03 13 17 13 15  46.0
2017 03 13 17 13 16  51.0
2017 03 13 17 13 17  45.0
2017 03 13 17 13 18  45.0
2017 03 13 17 13 19  48.0
2017 03 13 17 13 20  44.0
2017 03 13 17 13 21  45.0
2017 03 13 17 13 22  48.0
2017 03 13 17 13 23  44.0
2017 03 13 17 13 24  47.0
2017 03 13 17 13 25  47.0
2017 03 13 17 13 26  44.0
2017 03 13 17 13 27  44.0
2017 03 13 17 13 28  43.0
2017 03 13 17 13 29  45.0
2017 03 13 17 13 30  48.0
2017 03 13 17 13 31  46.0
2017 03 13 17 13 32  44.0
2017 03 13 17 13 33  43.0
2017 03 13 17 13 34  43.0
2017 03 13 17 13 35  43.0
2017 03 13 17 13 36  47.0
2017 03 13 17 13 37  44.0
2017 03 13 17 13 38  43.0
2017 03 13 17 13 39  47.0
2017 03 13 17 13 40  45.0
2017 03 13 17 13 41  43.0
2017 03 13 17 13 42  45.0
2017 03 13 17 13 43  43.0
2017 03 13 17 13 44  46.0
2017 03 13 17 13 45  45.0
2017 03 13 17 13 46  44.0
2017 03 13 17 13 47  45.0
2017 03 13 17 13 48  44.0
2017 03 13 17 13 49  47.0
2017 03 13 17 13 50  44.0
2017 03 13 17 13 51  44.0
2017 03 13 17 13 52  46.0
2017 03 13 17 13 53  43.0
2017 03 13 17 13 54  44.0
2017 03 13 17 13 55  43.0
2017 03 13 17 13 56  43.0
2017 03 13 17 13 57  43.0
2017 03 13 17 13 58  43.0
2017 03 13 17 13 59  43.0
2017 03 13 17 14 00  46.0
2017 03 13 17 14 01  44.0
2017 03 13 17 14 02  43.0
2017 03 13 17 14 03  43.0
2017 03 13 17 14 04  43.0
2017 03 13 17 14 05  43.0
2017 03 13 17 14 06  43.0
2017 03 13 17 14 07  44.0
2017 03 13 17 14 08  45.0
2017 03 13 17 14 09  44.0
2017 03 13 17 14 10  43.0
2017 03 13 17 14 11  43.0
2017 03 13 17 14 12  43.0
2017 03 13 17 14 13  43.0
2017 03 13 17 14 14  43.0
2017 03 13 17 14 15  43.0
2017 03 13 17 14 16  43.0
2017 03 13 17 14 17  43.0
2017 03 13 17 14 18  43.0
2017 03 13 17 14 19  44.0
2017 03 13 17 14 20  44.0
2017 03 13 17 14 21  45.0
2017 03 13 17 14 22  45.0
2017 03 13 17 14 23  43.0
2017 03 13 17 14 24  43.0
2017 03 13 17 14 25  43.0
2017 03 13 17 14 26  43.0
2017 03 13 17 14 27  43.0
2017 03 13 17 14 28  43.0
2017 03 13 17 14 29  43.0
2017 03 13 17 14 30  43.0
2017 03 13 17 14 31  46.0
2017 03 13 17 14 32  51.0
2017 03 13 17 14 33  44.0
2017 03 13 17 14 34  48.0
2017 03 13 17 14 35  44.0
2017 03 13 17 14 36  46.0
2017 03 13 17 14 37  44.0
2017 03 13 17 14 38  46.0
2017 03 13 17 14 39  50.0
2017 03 13 17 14 40  43.0
2017 03 13 17 14 41  43.0
2017 03 13 17 14 42  50.0
2017 03 13 17 14 43  44.0
2017 03 13 17 14 44  43.0
2017 03 13 17 14 45  46.0
2017 03 13 17 14 46  45.0
2017 03 13 17 14 47  43.0
2017 03 13 17 14 48  48.0
2017 03 13 17 14 49  44.0
2017 03 13 17 14 50  44.0
2017 03 13 17 14 51  46.0
2017 03 13 17 14 52  43.0
2017 03 13 17 14 53  44.0
2017 03 13 17 14 54  47.0
2017 03 13 17 14 55  43.0
2017 03 13 17 14 56  43.0
2017 03 13 17 14 57  47.0
2017 03 13 17 14 58  44.0
2017 03 13 17 14 59  43.0
2017 03 13 17 15 00  48.0
2017 03 13 17 15 01  44.0
2017 03 13 17 15 02  43.0
2017 03 13 17 15 03  46.0
2017 03 13 17 15 04  43.0
2017 03 13 17 15 05  43.0
2017 03 13 17 15 06  43.0
2017 03 13 17 15 07  43.0
2017 03 13 17 15 08  43.0
2017 03 13 17 15 09  43.0
2017 03 13 17 15 10  43.0
2017 03 13 17 15 11  45.0
2017 03 13 17 15 12  43.0
2017 03 13 17 15 13  45.0
2017 03 13 17 15 14  44.0
2017 03 13 17 15 15  44.0
2017 03 13 17 15 16  45.0
2017 03 13 17 15 17  43.0
2017 03 13 17 15 18  45.0
2017 03 13 17 15 19  50.0
2017 03 13 17 15 20  52.0
2017 03 13 17 15 21  46.0
2017 03 13 17 15 22  43.0
2017 03 13 17 15 23  43.0
2017 03 13 17 15 24  43.0
2017 03 13 17 15 25  48.0
2017 03 13 17 15 26  65.0
2017 03 13 17 15 27  65.0
2017 03 13 17 15 28  47.0
2017 03 13 17 15 29  56.0
2017 03 13 17 15 30  65.0
2017 03 13 17 15 31  47.0
2017 03 13 17 15 32  43.0
2017 03 13 17 15 33  43.0
2017 03 13 17 15 34  43.0
2017 03 13 17 15 35  43.0
2017 03 13 17 15 36  43.0
2017 03 13 17 15 37  43.0
2017 03 13 17 15 38  43.0
2017 03 13 17 15 39  43.0
2017 03 13 17 15 40  43.0
2017 03 13 17 15 41  43.0
2017 03 13 17 15 42  43.0
2017 03 13 17 15 43  43.0
2017 03 13 17 15 44  43.0
2017 03 13 17 15 45  43.0
2017 03 13 17 15 46  43.0
2017 03 13 17 15 47  43.0
2017 03 13 17 15 48  43.0
2017 03 13 17 15 49  43.0
2017 03 13 17 15 50  43.0
2017 03 13 17 15 51  43.0
2017 03 13 17 15 52  43.0
2017 03 13 17 15 53  43.0
2017 03 13 17 15 54  43.0
2017 03 13 17 15 55  44.0
2017 03 13 17 15 56  46.0
2017 03 13 17 15 57  44.0
2017 03 13 17 15 58  43.0
2017 03 13 17 15 59  43.0
2017 03 13 17 16 00  43.0
2017 03 13 17 16 01  43.0
2017 03 13 17 16 02  43.0
2017 03 13 17 16 03  43.0
2017 03 13 17 16 04  43.0
2017 03 13 17 16 05  43.0
2017 03 13 17 16 06  43.0
2017 03 13 17 16 07  43.0
2017 03 13 17 16 08  43.0
2017 03 13 17 16 09  43.0
2017 03 13 17 16 10  43.0
2017 03 13 17 16 11  43.0
2017 03 13 17 16 12  43.0
2017 03 13 17 16 13  43.0
2017 03 13 17 16 14  43.0
2017 03 13 17 16 15  43.0
2017 03 13 17 16 16  43.0
2017 03 13 17 16 17  45.0
2017 03 13 17 16 18  46.0
2017 03 13 17 16 19  46.0
2017 03 13 17 16 20  46.0
2017 03 13 17 16 21  46.0
2017 03 13 17 16 22  43.0
2017 03 13 17 16 23  43.0
2017 03 13 17 16 24  43.0
2017 03 13 17 16 25  43.0
2017 03 13 17 16 26  43.0
2017 03 13 17 16 27  43.0
2017 03 13 17 16 28  43.0
2017 03 13 17 16 29  43.0
2017 03 13 17 16 30  43.0
2017 03 13 17 16 31  43.0
2017 03 13 17 16 32  43.0
2017 03 13 17 16 33  43.0
2017 03 13 17 16 34  43.0
2017 03 13 17 16 35  43.0
2017 03 13 17 16 36  43.0
2017 03 13 17 16 37  43.0
2017 03 13 17 16 38  43.0
2017 03 13 17 16 39  43.0
2017 03 13 17 16 40  43.0
2017 03 13 17 16 41  43.0
2017 03 13 17 16 42  43.0
2017 03 13 17 16 43  43.0
2017 03 13 17 16 44  44.0
2017 03 13 17 16 45  44.0
2017 03 13 17 16 46  44.0
2017 03 13 17 16 47  45.0
2017 03 13 17 16 48  46.0
2017 03 13 17 16 49  46.0
2017 03 13 17 16 50  44.0
2017 03 13 17 16 51  47.0
2017 03 13 17 16 52  44.0
2017 03 13 17 16 53  48.0
2017 03 13 17 16 54  50.0
2017 03 13 17 16 55  44.0
2017 03 13 17 16 56  45.0
2017 03 13 17 16 57  49.0
2017 03 13 17 16 58  49.0
2017 03 13 17 16 59  43.0
2017 03 13 17 17 00  47.0
2017 03 13 17 17 01  48.0
2017 03 13 17 17 02  44.0
2017 03 13 17 17 03  44.0
2017 03 13 17 17 04  43.0
2017 03 13 17 17 05  43.0
2017 03 13 17 17 06  43.0
2017 03 13 17 17 07  43.0
2017 03 13 17 17 08  43.0
2017 03 13 17 17 09  44.0
2017 03 13 17 17 10  43.0
2017 03 13 17 17 11  43.0
2017 03 13 17 17 12  44.0
2017 03 13 17 17 13  43.0
2017 03 13 17 17 14  45.0
2017 03 13 17 17 15  43.0
2017 03 13 17 17 16  43.0
2017 03 13 17 17 17  43.0
2017 03 13 17 17 18  43.0
2017 03 13 17 17 19  43.0
2017 03 13 17 17 20  43.0
2017 03 13 17 17 21  43.0
2017 03 13 17 17 22  43.0
2017 03 13 17 17 23  43.0
2017 03 13 17 17 24  43.0
2017 03 13 17 17 25  43.0
2017 03 13 17 17 26  43.0
2017 03 13 17 17 27  43.0
2017 03 13 17 17 28  43.0
2017 03 13 17 17 29  43.0
2017 03 13 17 17 30  42.0
2017 03 13 17 17 31  43.0
2017 03 13 17 17 32  43.0
2017 03 13 17 17 33  43.0
2017 03 13 17 17 34  43.0
2017 03 13 17 17 35  43.0
2017 03 13 17 17 36  43.0
2017 03 13 17 17 37  43.0
2017 03 13 17 17 38  43.0
2017 03 13 17 17 39  43.0
2017 03 13 17 17 40  43.0
2017 03 13 17 17 41  43.0
2017 03 13 17 17 42  43.0
2017 03 13 17 17 43  43.0
2017 03 13 17 17 44  43.0
2017 03 13 17 17 45  43.0
2017 03 13 17 17 46  43.0
2017 03 13 17 17 47  43.0
2017 03 13 17 17 48  43.0
2017 03 13 17 17 49  43.0
2017 03 13 17 17 50  43.0
2017 03 13 17 17 51  43.0
2017 03 13 17 17 52  43.0
2017 03 13 17 17 53  43.0
2017 03 13 17 17 54  43.0
2017 03 13 17 17 55  43.0
2017 03 13 17 17 56  43.0
2017 03 13 17 17 57  43.0
2017 03 13 17 17 58  43.0
2017 03 13 17 17 59  43.0
2017 03 13 17 18 00  43.0
2017 03 13 17 18 01  43.0
2017 03 13 17 18 02  43.0
2017 03 13 17 18 03  43.0
2017 03 13 17 18 04  43.0
2017 03 13 17 18 05  43.0
2017 03 13 17 18 06  43.0
2017 03 13 17 18 07  43.0
2017 03 13 17 18 08  43.0
2017 03 13 17 18 09  43.0
2017 03 13 17 18 10  43.0
2017 03 13 17 18 11  43.0
2017 03 13 17 18 12  43.0
2017 03 13 17 18 13  43.0
2017 03 13 17 18 14  43.0
2017 03 13 17 18 15  43.0
2017 03 13 17 18 16  43.0
2017 03 13 17 18 17  43.0
2017 03 13 17 18 18  43.0
2017 03 13 17 18 19  43.0
2017 03 13 17 18 20  43.0
2017 03 13 17 18 21  43.0
2017 03 13 17 18 22  42.0
2017 03 13 17 18 23  42.0
2017 03 13 17 18 24  42.0
2017 03 13 17 18 25  42.0
2017 03 13 17 18 26  43.0
2017 03 13 17 18 27  43.0
2017 03 13 17 18 28  43.0
2017 03 13 17 18 29  43.0
2017 03 13 17 18 30  43.0
2017 03 13 17 18 31  43.0
2017 03 13 17 18 32  43.0
2017 03 13 17 18 33  43.0
2017 03 13 17 18 34  43.0
2017 03 13 17 18 35  43.0
2017 03 13 17 18 36  43.0
2017 03 13 17 18 37  43.0
2017 03 13 17 18 38  43.0
2017 03 13 17 18 39  43.0
2017 03 13 17 18 40  43.0
2017 03 13 17 18 41  43.0
2017 03 13 17 18 42  43.0
2017 03 13 17 18 43  43.0
2017 03 13 17 18 44  43.0
2017 03 13 17 18 45  43.0
2017 03 13 17 18 46  43.0
2017 03 13 17 18 47  43.0
2017 03 13 17 18 48  43.0
2017 03 13 17 18 49  43.0
2017 03 13 17 18 50  43.0
2017 03 13 17 18 51  43.0
2017 03 13 17 18 52  43.0
2017 03 13 17 18 53  43.0
2017 03 13 17 18 54  43.0
2017 03 13 17 18 55  43.0
2017 03 13 17 18 56  43.0
2017 03 13 17 18 57  43.0
2017 03 13 17 18 58  43.0
2017 03 13 17 18 59  43.0
2017 03 13 17 19 00  43.0
2017 03 13 17 19 01  43.0
2017 03 13 17 19 02  43.0
2017 03 13 17 19 03  43.0
2017 03 13 17 19 04  43.0
2017 03 13 17 19 05  43.0
2017 03 13 17 19 06  43.0
2017 03 13 17 19 07  43.0
2017 03 13 17 19 08  43.0
2017 03 13 17 19 09  43.0
2017 03 13 17 19 10  43.0
2017 03 13 17 19 11  43.0
2017 03 13 17 19 12  43.0
2017 03 13 17 19 13  43.0
2017 03 13 17 19 14  43.0
2017 03 13 17 19 15  43.0
2017 03 13 17 19 16  43.0
2017 03 13 17 19 17  42.0
2017 03 13 17 19 18  43.0
2017 03 13 17 19 19  42.0
2017 03 13 17 19 20  42.0
2017 03 13 17 19 21  42.0
2017 03 13 17 19 22  43.0
2017 03 13 17 19 23  43.0
2017 03 13 17 19 24  43.0
2017 03 13 17 19 25  43.0
2017 03 13 17 19 26  43.0
2017 03 13 17 19 27  43.0
2017 03 13 17 19 28  43.0
2017 03 13 17 19 29  43.0
2017 03 13 17 19 30  43.0
2017 03 13 17 19 31  42.0
2017 03 13 17 19 32  42.0
2017 03 13 17 19 33  43.0
2017 03 13 17 19 34  43.0
2017 03 13 17 19 35  43.0
2017 03 13 17 19 36  43.0
2017 03 13 17 19 37  43.0
2017 03 13 17 19 38  43.0
2017 03 13 17 19 39  43.0
2017 03 13 17 19 40  43.0
2017 03 13 17 19 41  43.0
2017 03 13 17 19 42  43.0
2017 03 13 17 19 43  43.0
2017 03 13 17 19 44  43.0
2017 03 13 17 19 45  43.0
2017 03 13 17 19 46  43.0
2017 03 13 17 19 47  43.0
2017 03 13 17 19 48  43.0
2017 03 13 17 19 49  43.0
2017 03 13 17 19 50  43.0
2017 03 13 17 19 51  43.0
2017 03 13 17 19 52  43.0
2017 03 13 17 19 53  43.0
2017 03 13 17 19 54  43.0
2017 03 13 17 19 55  43.0
2017 03 13 17 19 56  43.0
2017 03 13 17 19 57  43.0
2017 03 13 17 19 58  43.0
2017 03 13 17 19 59  43.0
2017 03 13 17 20 00  43.0
2017 03 13 17 20 01  43.0
2017 03 13 17 20 02  43.0
2017 03 13 17 20 03  43.0
2017 03 13 17 20 04  43.0
2017 03 13 17 20 05  43.0
2017 03 13 17 20 06  43.0
2017 03 13 17 20 07  43.0
2017 03 13 17 20 08  43.0
2017 03 13 17 20 09  43.0
2017 03 13 17 20 10  43.0
2017 03 13 17 20 11  42.0
2017 03 13 17 20 12  42.0
2017 03 13 17 20 13  42.0
2017 03 13 17 20 14  42.0
2017 03 13 17 20 15  42.0
2017 03 13 17 20 16  43.0
2017 03 13 17 20 17  43.0
2017 03 13 17 20 18  43.0
2017 03 13 17 20 19  43.0
2017 03 13 17 20 20  43.0
2017 03 13 17 20 21  43.0
2017 03 13 17 20 22  45.0
2017 03 13 17 20 23  45.0
2017 03 13 17 20 24  45.0
2017 03 13 17 20 25  45.0
2017 03 13 17 20 26  46.0
2017 03 13 17 20 27  48.0
2017 03 13 17 20 28  46.0
2017 03 13 17 20 29  49.0
2017 03 13 17 20 30  46.0
2017 03 13 17 20 31  46.0
2017 03 13 17 20 32  48.0
2017 03 13 17 20 33  46.0
2017 03 13 17 20 34  46.0
2017 03 13 17 20 35  49.0
2017 03 13 17 20 36  48.0
2017 03 13 17 20 37  46.0
2017 03 13 17 20 38  46.0
2017 03 13 17 20 39  47.0
2017 03 13 17 20 40  46.0
2017 03 13 17 20 41  46.0
2017 03 13 17 20 42  47.0
2017 03 13 17 20 43  46.0
2017 03 13 17 20 44  46.0
2017 03 13 17 20 45  46.0
2017 03 13 17 20 46  45.0
2017 03 13 17 20 47  47.0
2017 03 13 17 20 48  45.0
2017 03 13 17 20 49  47.0
2017 03 13 17 20 50  45.0
2017 03 13 17 20 51  45.0
2017 03 13 17 20 52  45.0
2017 03 13 17 20 53  48.0
2017 03 13 17 20 54  46.0
2017 03 13 17 20 55  47.0
2017 03 13 17 20 56  46.0
2017 03 13 17 20 57  45.0
2017 03 13 17 20 58  45.0
2017 03 13 17 20 59  45.0
2017 03 13 17 21 00  45.0
2017 03 13 17 21 01  45.0
2017 03 13 17 21 02  47.0
2017 03 13 17 21 03  45.0
2017 03 13 17 21 04  47.0
2017 03 13 17 21 05  46.0
2017 03 13 17 21 06  46.0
2017 03 13 17 21 07  47.0
2017 03 13 17 21 08  46.0
2017 03 13 17 21 09  47.0
2017 03 13 17 21 10  46.0
2017 03 13 17 21 11  45.0
2017 03 13 17 21 12  45.0
2017 03 13 17 21 13  45.0
2017 03 13 17 21 14  45.0
2017 03 13 17 21 15  45.0
2017 03 13 17 21 16  45.0
2017 03 13 17 21 17  45.0
2017 03 13 17 21 18  45.0
2017 03 13 17 21 19  45.0
2017 03 13 17 21 20  45.0
2017 03 13 17 21 21  45.0
2017 03 13 17 21 22  44.0
2017 03 13 17 21 23  45.0
2017 03 13 17 21 24  45.0
2017 03 13 17 21 25  45.0
2017 03 13 17 21 26  45.0
2017 03 13 17 21 27  45.0
2017 03 13 17 21 28  45.0
2017 03 13 17 21 29  45.0
2017 03 13 17 21 30  45.0
2017 03 13 17 21 31  45.0
2017 03 13 17 21 32  45.0
2017 03 13 17 21 33  45.0
2017 03 13 17 21 34  45.0
2017 03 13 17 21 35  44.0
2017 03 13 17 21 36  44.0
2017 03 13 17 21 37  44.0
2017 03 13 17 21 38  44.0
2017 03 13 17 21 39  44.0
2017 03 13 17 21 40  45.0
2017 03 13 17 21 41  49.0
2017 03 13 17 21 42  46.0
2017 03 13 17 21 43  47.0
2017 03 13 17 21 44  50.0
2017 03 13 17 21 45  45.0
2017 03 13 17 21 46  46.0
2017 03 13 17 21 47  49.0
2017 03 13 17 21 48  51.0
2017 03 13 17 21 49  46.0
2017 03 13 17 21 50  45.0
2017 03 13 17 21 51  47.0
2017 03 13 17 21 52  51.0
2017 03 13 17 21 53  46.0
2017 03 13 17 21 54  45.0
2017 03 13 17 21 55  45.0
2017 03 13 17 21 56  45.0
2017 03 13 17 21 57  45.0
2017 03 13 17 21 58  46.0
2017 03 13 17 21 59  47.0
2017 03 13 17 22 00  47.0
2017 03 13 17 22 01  46.0
2017 03 13 17 22 02  49.0
2017 03 13 17 22 03  46.0
2017 03 13 17 22 04  45.0
2017 03 13 17 22 05  45.0
2017 03 13 17 22 06  45.0
2017 03 13 17 22 07  44.0
2017 03 13 17 22 08  44.0
2017 03 13 17 22 09  44.0
2017 03 13 17 22 10  44.0
2017 03 13 17 22 11  44.0
2017 03 13 17 22 12  46.0
2017 03 13 17 22 13  45.0
2017 03 13 17 22 14  45.0
2017 03 13 17 22 15  45.0
2017 03 13 17 22 16  44.0
2017 03 13 17 22 17  45.0
2017 03 13 17 22 18  52.0
2017 03 13 17 22 19  48.0
2017 03 13 17 22 20  46.0
2017 03 13 17 22 21  56.0
2017 03 13 17 22 22  47.0
2017 03 13 17 22 23  45.0
2017 03 13 17 22 24  48.0
2017 03 13 17 22 25  52.0
2017 03 13 17 22 26  46.0
2017 03 13 17 22 27  47.0
2017 03 13 17 22 28  51.0
2017 03 13 17 22 29  45.0
2017 03 13 17 22 30  45.0
2017 03 13 17 22 31  44.0
2017 03 13 17 22 32  44.0
2017 03 13 17 22 33  44.0
2017 03 13 17 22 34  44.0
2017 03 13 17 22 35  44.0
2017 03 13 17 22 36  44.0
2017 03 13 17 22 37  45.0
2017 03 13 17 22 38  45.0
2017 03 13 17 22 39  45.0
2017 03 13 17 22 40  45.0
2017 03 13 17 22 41  44.0
2017 03 13 17 22 42  44.0
2017 03 13 17 22 43  44.0
2017 03 13 17 22 44  44.0
2017 03 13 17 22 45  44.0
2017 03 13 17 22 46  44.0
2017 03 13 17 22 47  44.0
2017 03 13 17 22 48  44.0
2017 03 13 17 22 49  45.0
2017 03 13 17 22 50  47.0
2017 03 13 17 22 51  48.0
2017 03 13 17 22 52  47.0
2017 03 13 17 22 53  47.0
2017 03 13 17 22 54  47.0
2017 03 13 17 22 55  48.0
2017 03 13 17 22 56  48.0
2017 03 13 17 22 57  47.0
2017 03 13 17 22 58  47.0
2017 03 13 17 22 59  48.0
2017 03 13 17 23 00  47.0
2017 03 13 17 23 01  47.0
2017 03 13 17 23 02  47.0
2017 03 13 17 23 03  47.0
2017 03 13 17 23 04  47.0
2017 03 13 17 23 05  47.0
2017 03 13 17 23 06  47.0
2017 03 13 17 23 07  47.0
2017 03 13 17 23 08  47.0
2017 03 13 17 23 09  47.0
2017 03 13 17 23 10  46.0
2017 03 13 17 23 11  47.0
2017 03 13 17 23 12  47.0
2017 03 13 17 23 13  46.0
2017 03 13 17 23 14  46.0
2017 03 13 17 23 15  46.0
2017 03 13 17 23 16  46.0
2017 03 13 17 23 17  45.0
2017 03 13 17 23 18  45.0
2017 03 13 17 23 19  44.0
2017 03 13 17 23 20  44.0
2017 03 13 17 23 21  44.0
2017 03 13 17 23 22  44.0
2017 03 13 17 23 23  44.0
2017 03 13 17 23 24  44.0
2017 03 13 17 23 25  44.0
2017 03 13 17 23 26  44.0
2017 03 13 17 23 27  44.0
2017 03 13 17 23 28  44.0
2017 03 13 17 23 29  44.0
2017 03 13 17 23 30  44.0
2017 03 13 17 23 31  44.0
2017 03 13 17 23 32  44.0
2017 03 13 17 23 33  44.0
2017 03 13 17 23 34  44.0
2017 03 13 17 23 35  44.0
2017 03 13 17 23 36  44.0
2017 03 13 17 23 37  44.0
2017 03 13 17 23 38  44.0
2017 03 13 17 23 39  44.0
2017 03 13 17 23 40  44.0
2017 03 13 17 23 41  44.0
2017 03 13 17 23 42  44.0
2017 03 13 17 23 43  45.0
2017 03 13 17 23 44  44.0
2017 03 13 17 23 45  44.0
2017 03 13 17 23 46  44.0
2017 03 13 17 23 47  44.0
2017 03 13 17 23 48  44.0
2017 03 13 17 23 49  44.0
2017 03 13 17 23 50  44.0
2017 03 13 17 23 51  44.0
2017 03 13 17 23 52  44.0
2017 03 13 17 23 53  45.0
2017 03 13 17 23 54  45.0
2017 03 13 17 23 55  46.0
2017 03 13 17 23 56  46.0
2017 03 13 17 23 57  46.0
2017 03 13 17 23 58  46.0
2017 03 13 17 23 59  47.0
2017 03 13 17 24 00  47.0
2017 03 13 17 24 01  47.0
2017 03 13 17 24 02  46.0
2017 03 13 17 24 03  46.0
2017 03 13 17 24 04  46.0
2017 03 13 17 24 05  46.0
2017 03 13 17 24 06  46.0
2017 03 13 17 24 07  46.0
2017 03 13 17 24 08  48.0
2017 03 13 17 24 09  48.0
2017 03 13 17 24 10  47.0
2017 03 13 17 24 11  46.0
2017 03 13 17 24 12  46.0
2017 03 13 17 24 13  48.0
2017 03 13 17 24 14  46.0
2017 03 13 17 24 15  48.0
2017 03 13 17 24 16  49.0
2017 03 13 17 24 17  44.0
2017 03 13 17 24 18  45.0
2017 03 13 17 24 19  44.0
2017 03 13 17 24 20  44.0
2017 03 13 17 24 21  44.0
2017 03 13 17 24 22  44.0
2017 03 13 17 24 23  44.0
2017 03 13 17 24 24  44.0
2017 03 13 17 24 25  44.0
2017 03 13 17 24 26  44.0
2017 03 13 17 24 27  44.0
2017 03 13 17 24 28  44.0
2017 03 13 17 24 29  44.0
2017 03 13 17 24 30  44.0
2017 03 13 17 24 31  44.0
2017 03 13 17 24 32  44.0
2017 03 13 17 24 33  44.0
2017 03 13 17 24 34  44.0
2017 03 13 17 24 35  44.0
2017 03 13 17 24 36  44.0
2017 03 13 17 24 37  44.0
2017 03 13 17 24 38  44.0
2017 03 13 17 24 39  44.0
2017 03 13 17 24 40  44.0
2017 03 13 17 24 41  44.0
2017 03 13 17 24 42  44.0
2017 03 13 17 24 43  44.0
2017 03 13 17 24 44  44.0
2017 03 13 17 24 45  44.0
2017 03 13 17 24 46  44.0
2017 03 13 17 24 47  44.0
2017 03 13 17 24 48  44.0
2017 03 13 17 24 49  45.0
2017 03 13 17 24 50  46.0
2017 03 13 17 24 51  47.0
2017 03 13 17 24 52  47.0
2017 03 13 17 24 53  47.0
2017 03 13 17 24 54  47.0
2017 03 13 17 24 55  47.0
2017 03 13 17 24 56  47.0
2017 03 13 17 24 57  47.0
2017 03 13 17 24 58  47.0
2017 03 13 17 24 59  47.0
2017 03 13 17 25 00  47.0
2017 03 13 17 25 01  47.0
2017 03 13 17 25 02  47.0
2017 03 13 17 25 03  47.0
2017 03 13 17 25 04  47.0
2017 03 13 17 25 05  47.0
2017 03 13 17 25 06  47.0
2017 03 13 17 25 07  47.0
2017 03 13 17 25 08  47.0
2017 03 13 17 25 09  47.0
2017 03 13 17 25 10  47.0
2017 03 13 17 25 11  47.0
2017 03 13 17 25 12  47.0
2017 03 13 17 25 13  47.0
2017 03 13 17 25 14  46.0
2017 03 13 17 25 15  44.0
2017 03 13 17 25 16  44.0
2017 03 13 17 25 17  44.0
2017 03 13 17 25 18  44.0
2017 03 13 17 25 19  44.0
2017 03 13 17 25 20  44.0
2017 03 13 17 25 21  44.0
2017 03 13 17 25 22  44.0
2017 03 13 17 25 23  44.0
2017 03 13 17 25 24  44.0
2017 03 13 17 25 25  44.0
2017 03 13 17 25 26  44.0
2017 03 13 17 25 27  44.0
2017 03 13 17 25 28  44.0
2017 03 13 17 25 29  44.0
2017 03 13 17 25 30  44.0
2017 03 13 17 25 31  44.0
2017 03 13 17 25 32  44.0
2017 03 13 17 25 33  44.0
2017 03 13 17 25 34  44.0
2017 03 13 17 25 35  44.0
2017 03 13 17 25 36  44.0
2017 03 13 17 25 37  44.0
2017 03 13 17 25 38  44.0
2017 03 13 17 25 39  46.0
2017 03 13 17 25 40  44.0
2017 03 13 17 25 41  45.0
2017 03 13 17 25 42  45.0
2017 03 13 17 25 43  49.0
2017 03 13 17 25 44  52.0
2017 03 13 17 25 45  46.0
2017 03 13 17 25 46  53.0
2017 03 13 17 25 47  47.0
2017 03 13 17 25 48  51.0
2017 03 13 17 25 49  48.0
2017 03 13 17 25 50  54.0
2017 03 13 17 25 51  49.0
2017 03 13 17 25 52  48.0
2017 03 13 17 25 53  55.0
2017 03 13 17 25 54  46.0
2017 03 13 17 25 55  44.0
2017 03 13 17 25 56  44.0
2017 03 13 17 25 57  44.0
2017 03 13 17 25 58  44.0
2017 03 13 17 25 59  44.0
2017 03 13 17 26 00  44.0
2017 03 13 17 26 01  44.0
2017 03 13 17 26 02  44.0
2017 03 13 17 26 03  44.0
2017 03 13 17 26 04  45.0
2017 03 13 17 26 05  46.0
2017 03 13 17 26 06  45.0
2017 03 13 17 26 07  45.0
2017 03 13 17 26 08  49.0
2017 03 13 17 26 09  45.0
2017 03 13 17 26 10  50.0
2017 03 13 17 26 11  45.0
2017 03 13 17 26 12  49.0
2017 03 13 17 26 13  45.0
2017 03 13 17 26 14  46.0
2017 03 13 17 26 15  45.0
2017 03 13 17 26 16  46.0
2017 03 13 17 26 17  50.0
2017 03 13 17 26 18  45.0
2017 03 13 17 26 19  48.0
2017 03 13 17 26 20  49.0
2017 03 13 17 26 21  44.0
2017 03 13 17 26 22  47.0
2017 03 13 17 26 23  49.0
2017 03 13 17 26 24  45.0
2017 03 13 17 26 25  49.0
2017 03 13 17 26 26  49.0
2017 03 13 17 26 27  44.0
2017 03 13 17 26 28  47.0
2017 03 13 17 26 29  51.0
2017 03 13 17 26 30  46.0
2017 03 13 17 26 31  44.0
2017 03 13 17 26 32  44.0
2017 03 13 17 26 33  44.0
2017 03 13 17 26 34  44.0
2017 03 13 17 26 35  44.0
2017 03 13 17 26 36  44.0
2017 03 13 17 26 37  44.0
2017 03 13 17 26 38  44.0
2017 03 13 17 26 39  44.0
2017 03 13 17 26 40  44.0
2017 03 13 17 26 41  44.0
2017 03 13 17 26 42  44.0
2017 03 13 17 26 43  44.0
2017 03 13 17 26 44  43.0
2017 03 13 17 26 45  43.0
2017 03 13 17 26 46  43.0
2017 03 13 17 26 47  44.0
2017 03 13 17 26 48  44.0
2017 03 13 17 26 49  44.0
2017 03 13 17 26 50  44.0
2017 03 13 17 26 51  44.0
2017 03 13 17 26 52  44.0
2017 03 13 17 26 53  44.0
2017 03 13 17 26 54  44.0
2017 03 13 17 26 55  44.0
2017 03 13 17 26 56  44.0
2017 03 13 17 26 57  44.0
2017 03 13 17 26 58  44.0
2017 03 13 17 26 59  44.0
2017 03 13 17 27 00  44.0
2017 03 13 17 27 01  44.0
2017 03 13 17 27 02  44.0
2017 03 13 17 27 03  44.0
2017 03 13 17 27 04  44.0
2017 03 13 17 27 05  44.0
2017 03 13 17 27 06  44.0
2017 03 13 17 27 07  44.0
2017 03 13 17 27 08  44.0
2017 03 13 17 27 09  44.0
2017 03 13 17 27 10  44.0
2017 03 13 17 27 11  44.0
2017 03 13 17 27 12  44.0
2017 03 13 17 27 13  44.0
2017 03 13 17 27 14  44.0
2017 03 13 17 27 15  44.0
2017 03 13 17 27 16  44.0
2017 03 13 17 27 17  44.0
2017 03 13 17 27 18  44.0
2017 03 13 17 27 19  44.0
2017 03 13 17 27 20  44.0
2017 03 13 17 27 21  44.0
2017 03 13 17 27 22  44.0
2017 03 13 17 27 23  44.0
2017 03 13 17 27 24  43.0
2017 03 13 17 27 25  43.0
2017 03 13 17 27 26  43.0
2017 03 13 17 27 27  44.0
2017 03 13 17 27 28  44.0
2017 03 13 17 27 29  44.0
2017 03 13 17 27 30  44.0
2017 03 13 17 27 31  44.0
2017 03 13 17 27 32  44.0
2017 03 13 17 27 33  44.0
2017 03 13 17 27 34  44.0
2017 03 13 17 27 35  43.0
2017 03 13 17 27 36  44.0
2017 03 13 17 27 37  44.0
2017 03 13 17 27 38  44.0
2017 03 13 17 27 39  44.0
2017 03 13 17 27 40  44.0
2017 03 13 17 27 41  44.0
2017 03 13 17 27 42  44.0
2017 03 13 17 27 43  44.0
2017 03 13 17 27 44  44.0
2017 03 13 17 27 45  44.0
2017 03 13 17 27 46  44.0
2017 03 13 17 27 47  44.0
2017 03 13 17 27 48  44.0
2017 03 13 17 27 49  44.0
2017 03 13 17 27 50  44.0
2017 03 13 17 27 51  44.0
2017 03 13 17 27 52  44.0
2017 03 13 17 27 53  44.0
2017 03 13 17 27 54  44.0
2017 03 13 17 27 55  44.0
2017 03 13 17 27 56  45.0
2017 03 13 17 27 57  46.0
2017 03 13 17 27 58  47.0
2017 03 13 17 27 59  47.0
2017 03 13 17 28 00  47.0
2017 03 13 17 28 01  47.0
2017 03 13 17 28 02  46.0
2017 03 13 17 28 03  46.0
2017 03 13 17 28 04  47.0
2017 03 13 17 28 05  44.0
2017 03 13 17 28 06  44.0
2017 03 13 17 28 07  44.0
2017 03 13 17 28 08  44.0
2017 03 13 17 28 09  43.0
2017 03 13 17 28 10  43.0
2017 03 13 17 28 11  43.0
2017 03 13 17 28 12  43.0
2017 03 13 17 28 13  43.0
2017 03 13 17 28 14  44.0
2017 03 13 17 28 15  44.0
2017 03 13 17 28 16  44.0
2017 03 13 17 28 17  44.0
2017 03 13 17 28 18  44.0
2017 03 13 17 28 19  44.0
2017 03 13 17 28 20  44.0
2017 03 13 17 28 21  44.0
2017 03 13 17 28 22  44.0
2017 03 13 17 28 23  44.0
2017 03 13 17 28 24  44.0
2017 03 13 17 28 25  44.0
2017 03 13 17 28 26  44.0
2017 03 13 17 28 27  44.0
2017 03 13 17 28 28  44.0
2017 03 13 17 28 29  44.0
2017 03 13 17 28 30  44.0
2017 03 13 17 28 31  44.0
2017 03 13 17 28 32  44.0
2017 03 13 17 28 33  43.0
2017 03 13 17 28 34  44.0
2017 03 13 17 28 35  44.0
2017 03 13 17 28 36  44.0
2017 03 13 17 28 37  44.0
