2017 03 13 15 58 34  1200.0
2017 03 13 15 58 35  1200.0
2017 03 13 15 58 36  1200.0
2017 03 13 15 58 37  1200.0
2017 03 13 15 58 38  1200.0
2017 03 13 15 58 39  1200.0
2017 03 13 15 58 40  1200.0
2017 03 13 15 58 41  1200.0
2017 03 13 15 58 42  1200.0
2017 03 13 15 58 43  1200.0
2017 03 13 15 58 44  1200.0
2017 03 13 15 58 45  1200.0
2017 03 13 15 58 46  1200.0
2017 03 13 15 58 47  1200.0
2017 03 13 15 58 48  1200.0
2017 03 13 15 58 49  1200.0
2017 03 13 15 58 50  1200.0
2017 03 13 15 58 51  1200.0
2017 03 13 15 58 52  1200.0
2017 03 13 15 58 53  1200.0
2017 03 13 15 58 54  1200.0
2017 03 13 15 58 55  1200.0
2017 03 13 15 58 56  1200.0
2017 03 13 15 58 57  1200.0
2017 03 13 15 58 58  1200.0
2017 03 13 15 58 59  1200.0
2017 03 13 15 59 00  1200.0
2017 03 13 15 59 01  1200.0
2017 03 13 15 59 02  1200.0
2017 03 13 15 59 03  1200.0
2017 03 13 15 59 04  1200.0
2017 03 13 15 59 05  1200.0
2017 03 13 15 59 06  1200.0
2017 03 13 15 59 07  1200.0
2017 03 13 15 59 08  1200.0
2017 03 13 15 59 09  1200.0
2017 03 13 15 59 10  1200.0
2017 03 13 15 59 11  1200.0
2017 03 13 15 59 12  1200.0
2017 03 13 15 59 13  1200.0
2017 03 13 16 37 40  1200.0
2017 03 13 16 37 41  1200.0
2017 03 13 16 37 42  1200.0
2017 03 13 16 37 43  1200.0
2017 03 13 16 37 44  1200.0
2017 03 13 16 37 45  1200.0
2017 03 13 16 37 46  1200.0
2017 03 13 16 37 47  1200.0
2017 03 13 16 37 48  1200.0
2017 03 13 16 37 49  1200.0
2017 03 13 16 37 50  1200.0
2017 03 13 16 37 51  1200.0
2017 03 13 16 37 52  1200.0
2017 03 13 16 37 53  1200.0
2017 03 13 16 37 54  1200.0
2017 03 13 16 37 55  1200.0
2017 03 13 16 37 56  1200.0
2017 03 13 16 37 57  1200.0
2017 03 13 16 37 58  1200.0
2017 03 13 16 37 59  1200.0
2017 03 13 16 38 00  1200.0
2017 03 13 16 38 01  1200.0
2017 03 13 16 38 02  1200.0
2017 03 13 16 38 03  1200.0
2017 03 13 16 38 04  1200.0
2017 03 13 16 38 05  1200.0
2017 03 13 16 38 06  1200.0
2017 03 13 16 38 07  1200.0
2017 03 13 16 38 08  1200.0
2017 03 13 16 38 09  1200.0
2017 03 13 16 38 10  1200.0
2017 03 13 16 38 11  1200.0
2017 03 13 16 38 12  1200.0
2017 03 13 16 38 13  1200.0
2017 03 13 16 38 14  1200.0
2017 03 13 16 38 15  1200.0
2017 03 13 16 38 16  1200.0
2017 03 13 16 38 17  1200.0
2017 03 13 16 38 18  1200.0
2017 03 13 16 38 19  1200.0
2017 03 13 16 38 20  1200.0
2017 03 13 16 38 21  1200.0
2017 03 13 16 38 22  1200.0
2017 03 13 16 38 23  1200.0
2017 03 13 16 38 24  1200.0
2017 03 13 16 38 25  1200.0
2017 03 13 16 38 26  1200.0
2017 03 13 16 38 27  1200.0
2017 03 13 16 38 28  1200.0
2017 03 13 16 38 29  1200.0
2017 03 13 16 38 30  1200.0
2017 03 13 16 38 31  1200.0
2017 03 13 16 38 32  1200.0
2017 03 13 16 38 33  1200.0
2017 03 13 16 38 34  1200.0
2017 03 13 16 38 35  1200.0
2017 03 13 16 38 36  1200.0
2017 03 13 16 38 37  1200.0
2017 03 13 16 38 38  1200.0
2017 03 13 16 38 39  1200.0
2017 03 13 16 38 40  1200.0
2017 03 13 16 38 41  1200.0
2017 03 13 16 38 42  1200.0
2017 03 13 16 38 43  1200.0
2017 03 13 16 38 44  1200.0
2017 03 13 16 38 45  1200.0
2017 03 13 16 38 46  1200.0
2017 03 13 16 38 47  1200.0
2017 03 13 16 38 48  1200.0
2017 03 13 16 38 49  1200.0
2017 03 13 16 38 50  1200.0
2017 03 13 16 38 51  1200.0
2017 03 13 16 38 52  1200.0
2017 03 13 16 38 53  1200.0
2017 03 13 16 38 54  1200.0
2017 03 13 16 38 55  1200.0
2017 03 13 16 38 56  1200.0
2017 03 13 16 38 57  1200.0
2017 03 13 16 38 58  1200.0
2017 03 13 16 38 59  1200.0
2017 03 13 16 39 00  1200.0
2017 03 13 16 39 01  1200.0
2017 03 13 16 39 02  1200.0
2017 03 13 16 39 03  1200.0
2017 03 13 16 39 04  1200.0
2017 03 13 16 39 05  1200.0
2017 03 13 16 39 06  1200.0
2017 03 13 16 39 07  1200.0
2017 03 13 16 39 08  1200.0
2017 03 13 16 39 09  1200.0
2017 03 13 16 39 10  1200.0
2017 03 13 16 39 11  1200.0
2017 03 13 16 39 12  1200.0
2017 03 13 16 39 13  1200.0
2017 03 13 16 39 14  1200.0
2017 03 13 16 39 15  1200.0
2017 03 13 16 39 16  1200.0
2017 03 13 16 39 17  1200.0
2017 03 13 16 39 18  1200.0
2017 03 13 16 39 19  1200.0
2017 03 13 16 39 20  1200.0
2017 03 13 16 39 21  1200.0
2017 03 13 16 39 22  1200.0
2017 03 13 16 39 23  1200.0
2017 03 13 16 39 24  1200.0
2017 03 13 16 39 25  1200.0
2017 03 13 16 39 26  1200.0
2017 03 13 16 39 27  1200.0
2017 03 13 16 39 28  1200.0
2017 03 13 16 39 29  1200.0
2017 03 13 16 39 30  1200.0
2017 03 13 16 39 31  1200.0
2017 03 13 16 39 32  1200.0
2017 03 13 16 39 33  1200.0
2017 03 13 16 39 34  1200.0
2017 03 13 16 39 35  1200.0
2017 03 13 16 39 36  1200.0
2017 03 13 16 39 37  1200.0
2017 03 13 16 39 38  1200.0
2017 03 13 16 39 39  1200.0
2017 03 13 16 39 40  1200.0
2017 03 13 16 39 41  1200.0
2017 03 13 16 39 42  1200.0
2017 03 13 16 39 43  1200.0
2017 03 13 16 39 44  1200.0
2017 03 13 16 39 45  1200.0
2017 03 13 16 39 46  1200.0
2017 03 13 16 39 47  1200.0
2017 03 13 16 39 48  1200.0
2017 03 13 16 39 49  1200.0
2017 03 13 16 39 50  1200.0
2017 03 13 16 39 51  1200.0
2017 03 13 16 39 52  1200.0
2017 03 13 16 39 53  1200.0
2017 03 13 16 39 54  1200.0
2017 03 13 16 39 55  1200.0
2017 03 13 16 39 56  1200.0
2017 03 13 16 39 57  1200.0
2017 03 13 16 39 58  1200.0
2017 03 13 16 39 59  1200.0
2017 03 13 16 40 00  1200.0
2017 03 13 16 40 01  1200.0
2017 03 13 16 40 02  1200.0
2017 03 13 16 40 03  1200.0
2017 03 13 16 40 04  1200.0
2017 03 13 16 40 05  1200.0
2017 03 13 16 40 06  1200.0
2017 03 13 16 40 07  1200.0
2017 03 13 16 40 08  1200.0
2017 03 13 16 40 09  1200.0
2017 03 13 16 40 10  1200.0
2017 03 13 16 40 11  1200.0
2017 03 13 16 40 12  1200.0
2017 03 13 16 40 13  1200.0
2017 03 13 16 40 14  1200.0
2017 03 13 16 40 15  1200.0
2017 03 13 16 40 17  1200.0
2017 03 13 16 40 18  1200.0
2017 03 13 16 40 18  1200.0
2017 03 13 16 40 19  1200.0
2017 03 13 16 40 21  1200.0
2017 03 13 16 40 22  1200.0
2017 03 13 16 40 23  1200.0
2017 03 13 16 40 24  1200.0
2017 03 13 16 40 25  1200.0
2017 03 13 16 40 26  1200.0
2017 03 13 16 40 27  1200.0
2017 03 13 16 40 28  1200.0
2017 03 13 16 40 29  1200.0
2017 03 13 16 40 30  1200.0
2017 03 13 16 40 31  1200.0
2017 03 13 16 40 32  1200.0
2017 03 13 16 40 33  1200.0
2017 03 13 16 40 34  1200.0
2017 03 13 16 40 35  1200.0
2017 03 13 16 40 36  1200.0
2017 03 13 16 40 37  1200.0
2017 03 13 16 40 38  1200.0
2017 03 13 16 40 39  1200.0
2017 03 13 16 40 40  1200.0
2017 03 13 16 40 41  1200.0
2017 03 13 16 40 42  1200.0
2017 03 13 16 40 43  1200.0
2017 03 13 16 40 44  1200.0
2017 03 13 16 40 45  1800.0
2017 03 13 16 40 46  1800.0
2017 03 13 16 40 47  1800.0
2017 03 13 16 40 48  1800.0
2017 03 13 16 40 49  1800.0
2017 03 13 16 40 50  1800.0
2017 03 13 16 40 51  1800.0
2017 03 13 16 40 52  1800.0
2017 03 13 16 40 53  1800.0
2017 03 13 16 40 54  1800.0
2017 03 13 16 40 55  1800.0
2017 03 13 16 40 56  1800.0
2017 03 13 16 40 57  1800.0
2017 03 13 16 40 58  1800.0
2017 03 13 16 40 59  1800.0
2017 03 13 16 41 00  1800.0
2017 03 13 16 41 01  1800.0
2017 03 13 16 41 02  1800.0
2017 03 13 16 41 03  1800.0
2017 03 13 16 41 04  1800.0
2017 03 13 16 41 05  1800.0
2017 03 13 16 41 06  1800.0
2017 03 13 16 41 07  1800.0
2017 03 13 16 41 08  1800.0
2017 03 13 16 41 09  1800.0
2017 03 13 16 41 10  1800.0
2017 03 13 16 41 11  1800.0
2017 03 13 16 41 12  1800.0
2017 03 13 16 41 13  1800.0
2017 03 13 16 41 14  1800.0
2017 03 13 16 41 15  1800.0
2017 03 13 16 41 16  1800.0
2017 03 13 16 41 17  1800.0
2017 03 13 16 41 18  1800.0
2017 03 13 16 41 19  1800.0
2017 03 13 16 41 20  1800.0
2017 03 13 16 41 21  1800.0
2017 03 13 16 41 22  1800.0
2017 03 13 16 41 23  1800.0
2017 03 13 16 41 24  1800.0
2017 03 13 16 41 25  1800.0
2017 03 13 16 41 26  1800.0
2017 03 13 16 41 27  1800.0
2017 03 13 16 41 28  1800.0
2017 03 13 16 41 29  1800.0
2017 03 13 16 41 30  1800.0
2017 03 13 16 41 31  1800.0
2017 03 13 16 41 32  1800.0
2017 03 13 16 41 33  1800.0
2017 03 13 16 41 34  1800.0
2017 03 13 16 41 35  1800.0
2017 03 13 16 41 36  1800.0
2017 03 13 16 41 37  1800.0
2017 03 13 16 41 38  1800.0
2017 03 13 16 41 39  1800.0
2017 03 13 16 41 40  1800.0
2017 03 13 16 41 41  1800.0
2017 03 13 16 41 42  1800.0
2017 03 13 16 41 43  1800.0
2017 03 13 16 41 44  1800.0
2017 03 13 16 41 45  1800.0
2017 03 13 16 41 46  1800.0
2017 03 13 16 41 47  1800.0
2017 03 13 16 41 48  1800.0
2017 03 13 16 41 49  1800.0
2017 03 13 16 41 50  1800.0
2017 03 13 16 41 51  1800.0
2017 03 13 16 41 52  1800.0
2017 03 13 16 41 53  1800.0
2017 03 13 16 41 54  1800.0
2017 03 13 16 41 55  1800.0
2017 03 13 16 41 56  1800.0
2017 03 13 16 41 57  1800.0
2017 03 13 16 41 58  1800.0
2017 03 13 16 41 59  1800.0
2017 03 13 16 42 00  1800.0
2017 03 13 16 42 01  1800.0
2017 03 13 16 42 02  1800.0
2017 03 13 16 42 03  1800.0
2017 03 13 16 42 04  1800.0
2017 03 13 16 42 05  1800.0
2017 03 13 16 42 06  1800.0
2017 03 13 16 42 07  1800.0
2017 03 13 16 42 08  1800.0
2017 03 13 16 42 09  1800.0
2017 03 13 16 42 10  1800.0
2017 03 13 16 42 11  1800.0
2017 03 13 16 42 12  1800.0
2017 03 13 16 42 13  1800.0
2017 03 13 16 42 14  1800.0
2017 03 13 16 42 15  1800.0
2017 03 13 16 42 16  1800.0
2017 03 13 16 42 17  1800.0
2017 03 13 16 42 18  1800.0
2017 03 13 16 42 19  1800.0
2017 03 13 16 42 20  1800.0
2017 03 13 16 42 21  1800.0
2017 03 13 16 42 22  1800.0
2017 03 13 16 42 23  1800.0
2017 03 13 16 42 24  1800.0
2017 03 13 16 42 25  1800.0
2017 03 13 16 42 26  1800.0
2017 03 13 16 42 27  1800.0
2017 03 13 16 42 28  1800.0
2017 03 13 16 42 29  1800.0
2017 03 13 16 42 30  1800.0
2017 03 13 16 42 31  1800.0
2017 03 13 16 42 32  1800.0
2017 03 13 16 42 33  1800.0
2017 03 13 16 42 34  1800.0
2017 03 13 16 42 35  1800.0
2017 03 13 16 42 36  1800.0
2017 03 13 16 42 37  1800.0
2017 03 13 16 42 38  1800.0
2017 03 13 16 42 39  1800.0
2017 03 13 16 42 40  1800.0
2017 03 13 16 42 41  1800.0
2017 03 13 16 42 42  1800.0
2017 03 13 16 42 43  1800.0
2017 03 13 16 42 44  1800.0
2017 03 13 16 42 45  1800.0
2017 03 13 16 42 46  1800.0
2017 03 13 16 42 47  1800.0
2017 03 13 16 42 48  1800.0
2017 03 13 16 42 49  1800.0
2017 03 13 16 42 50  1800.0
2017 03 13 16 42 51  1800.0
2017 03 13 16 42 52  1800.0
2017 03 13 16 42 53  1800.0
2017 03 13 16 42 54  1800.0
2017 03 13 16 42 55  1800.0
2017 03 13 16 42 56  1800.0
2017 03 13 16 42 57  1800.0
2017 03 13 16 42 58  1800.0
2017 03 13 16 42 59  1800.0
2017 03 13 16 43 00  1800.0
2017 03 13 16 43 01  1800.0
2017 03 13 16 43 02  1800.0
2017 03 13 16 43 03  1800.0
2017 03 13 16 43 04  1800.0
2017 03 13 16 43 05  1800.0
2017 03 13 16 43 06  1800.0
2017 03 13 16 43 07  1800.0
2017 03 13 16 43 08  1800.0
2017 03 13 16 43 09  1800.0
2017 03 13 16 43 10  1800.0
2017 03 13 16 43 11  1800.0
2017 03 13 16 43 12  1800.0
2017 03 13 16 43 13  1800.0
2017 03 13 16 43 14  1800.0
2017 03 13 16 43 15  1800.0
2017 03 13 16 43 16  1800.0
2017 03 13 16 43 17  1800.0
2017 03 13 16 43 18  1800.0
2017 03 13 16 43 19  1800.0
2017 03 13 16 43 20  1800.0
2017 03 13 16 43 21  1800.0
2017 03 13 16 43 22  1800.0
2017 03 13 16 43 23  1800.0
2017 03 13 16 43 24  1800.0
2017 03 13 16 43 25  1800.0
2017 03 13 16 43 26  1800.0
2017 03 13 16 43 27  1800.0
2017 03 13 16 43 28  1800.0
2017 03 13 16 43 29  1800.0
2017 03 13 16 43 30  1800.0
2017 03 13 16 43 31  1800.0
2017 03 13 16 43 32  1800.0
2017 03 13 16 43 33  1800.0
2017 03 13 16 43 34  1800.0
2017 03 13 16 43 35  1800.0
2017 03 13 16 43 36  1800.0
2017 03 13 16 43 37  1800.0
2017 03 13 16 43 38  1800.0
2017 03 13 16 43 39  1800.0
2017 03 13 16 43 40  1800.0
2017 03 13 16 43 41  1800.0
2017 03 13 16 43 42  1800.0
2017 03 13 16 43 43  1800.0
2017 03 13 16 43 44  1800.0
2017 03 13 16 43 45  1800.0
2017 03 13 16 43 46  1800.0
2017 03 13 16 43 47  1800.0
2017 03 13 16 43 48  1800.0
2017 03 13 16 43 49  1800.0
2017 03 13 16 43 50  1800.0
2017 03 13 16 43 51  1800.0
2017 03 13 16 43 52  1800.0
2017 03 13 16 43 53  1800.0
2017 03 13 16 43 54  1800.0
2017 03 13 16 43 55  1800.0
2017 03 13 16 43 56  1800.0
2017 03 13 16 43 57  1800.0
2017 03 13 16 43 58  1800.0
2017 03 13 16 43 59  1800.0
2017 03 13 16 44 00  1800.0
2017 03 13 16 44 01  1800.0
2017 03 13 16 44 02  1800.0
2017 03 13 16 44 03  1800.0
2017 03 13 16 44 04  1800.0
2017 03 13 16 44 05  1800.0
2017 03 13 16 44 06  1800.0
2017 03 13 16 44 07  1800.0
2017 03 13 16 44 08  1800.0
2017 03 13 16 44 09  1800.0
2017 03 13 16 44 10  1800.0
2017 03 13 16 44 11  1800.0
2017 03 13 16 44 12  1800.0
2017 03 13 16 44 13  1800.0
2017 03 13 16 44 14  1800.0
2017 03 13 16 44 15  1800.0
2017 03 13 16 44 16  1800.0
2017 03 13 16 44 17  1800.0
2017 03 13 16 44 18  1800.0
2017 03 13 16 44 19  1800.0
2017 03 13 16 44 20  1800.0
2017 03 13 16 44 21  1800.0
2017 03 13 16 44 22  1800.0
2017 03 13 16 44 23  1800.0
2017 03 13 16 44 24  1800.0
2017 03 13 16 44 25  1800.0
2017 03 13 16 44 26  1800.0
2017 03 13 16 44 27  1800.0
2017 03 13 16 44 28  1800.0
2017 03 13 16 44 29  1800.0
2017 03 13 16 44 30  1800.0
2017 03 13 16 44 31  1800.0
2017 03 13 16 44 32  1800.0
2017 03 13 16 44 33  1800.0
2017 03 13 16 44 34  1800.0
2017 03 13 16 44 35  1800.0
2017 03 13 16 44 36  1800.0
2017 03 13 16 44 37  1800.0
2017 03 13 16 44 38  1800.0
2017 03 13 16 44 39  1800.0
2017 03 13 16 44 40  1800.0
2017 03 13 16 44 41  1800.0
2017 03 13 16 44 42  1800.0
2017 03 13 16 44 43  1800.0
2017 03 13 16 44 44  1800.0
2017 03 13 16 44 45  1800.0
2017 03 13 16 44 46  1800.0
2017 03 13 16 44 47  1800.0
2017 03 13 16 44 48  1800.0
2017 03 13 16 44 49  1800.0
2017 03 13 16 44 50  1800.0
2017 03 13 16 44 51  1800.0
2017 03 13 16 44 52  1800.0
2017 03 13 16 44 53  1800.0
2017 03 13 16 44 54  1800.0
2017 03 13 16 44 55  1800.0
2017 03 13 16 44 56  1800.0
2017 03 13 16 44 57  1800.0
2017 03 13 16 44 58  1800.0
2017 03 13 16 44 59  1800.0
2017 03 13 16 45 00  1800.0
2017 03 13 16 45 01  1800.0
2017 03 13 16 45 02  1800.0
2017 03 13 16 45 03  1800.0
2017 03 13 16 45 04  1800.0
2017 03 13 16 45 05  1800.0
2017 03 13 16 45 06  1800.0
2017 03 13 16 45 07  1800.0
2017 03 13 16 45 08  1800.0
2017 03 13 16 45 09  1800.0
2017 03 13 16 45 10  1800.0
2017 03 13 16 45 11  1800.0
2017 03 13 16 45 12  1800.0
2017 03 13 16 45 13  1800.0
2017 03 13 16 45 14  1800.0
2017 03 13 16 45 15  1800.0
2017 03 13 16 45 16  1800.0
2017 03 13 16 45 17  1800.0
2017 03 13 16 45 18  1800.0
2017 03 13 16 45 19  1800.0
2017 03 13 16 45 20  1800.0
2017 03 13 16 45 21  1800.0
2017 03 13 16 45 22  1800.0
2017 03 13 16 45 23  1800.0
2017 03 13 16 45 24  1800.0
2017 03 13 16 45 25  1800.0
2017 03 13 16 45 26  1800.0
2017 03 13 16 45 27  1800.0
2017 03 13 16 45 28  1800.0
2017 03 13 16 45 29  1800.0
2017 03 13 16 45 30  1800.0
2017 03 13 16 45 31  1800.0
2017 03 13 16 45 32  1800.0
2017 03 13 16 45 33  1800.0
2017 03 13 16 45 34  1800.0
2017 03 13 16 45 35  1800.0
2017 03 13 16 45 36  1800.0
2017 03 13 16 45 37  1800.0
2017 03 13 16 45 38  1800.0
2017 03 13 16 45 39  1800.0
2017 03 13 16 45 40  1800.0
2017 03 13 16 45 41  1800.0
2017 03 13 16 45 42  1800.0
2017 03 13 16 45 43  1800.0
2017 03 13 16 45 44  1800.0
2017 03 13 16 45 45  1800.0
2017 03 13 16 45 46  1800.0
2017 03 13 16 45 47  1800.0
2017 03 13 16 45 48  1800.0
2017 03 13 16 45 49  1800.0
2017 03 13 16 45 50  1800.0
2017 03 13 16 45 51  1800.0
2017 03 13 16 45 52  1800.0
2017 03 13 16 45 53  1800.0
2017 03 13 16 45 54  1800.0
2017 03 13 16 45 55  1800.0
2017 03 13 16 45 56  1800.0
2017 03 13 16 45 57  1800.0
2017 03 13 16 45 58  1800.0
2017 03 13 16 45 59  1800.0
2017 03 13 16 46 00  1800.0
2017 03 13 16 46 01  1800.0
2017 03 13 16 46 02  1800.0
2017 03 13 16 46 03  1800.0
2017 03 13 16 46 04  1800.0
2017 03 13 16 46 05  1800.0
2017 03 13 16 46 06  1800.0
2017 03 13 16 46 07  1800.0
2017 03 13 16 46 08  1800.0
2017 03 13 16 46 09  1800.0
2017 03 13 16 46 10  1800.0
2017 03 13 16 46 11  1800.0
2017 03 13 16 46 12  1800.0
2017 03 13 16 46 13  1800.0
2017 03 13 16 46 14  1800.0
2017 03 13 16 46 15  1800.0
2017 03 13 16 46 16  1800.0
2017 03 13 16 46 17  1800.0
2017 03 13 16 46 18  1800.0
2017 03 13 16 46 19  1800.0
2017 03 13 16 46 20  1800.0
2017 03 13 16 46 21  1800.0
2017 03 13 16 46 22  1800.0
2017 03 13 16 46 23  1800.0
2017 03 13 16 46 24  1800.0
2017 03 13 16 46 25  1800.0
2017 03 13 16 46 26  1800.0
2017 03 13 16 46 27  1800.0
2017 03 13 16 46 28  1800.0
2017 03 13 16 46 29  1800.0
2017 03 13 16 46 30  1800.0
2017 03 13 16 46 31  1800.0
2017 03 13 16 46 32  1800.0
2017 03 13 16 46 33  1800.0
2017 03 13 16 46 34  1800.0
2017 03 13 16 46 35  1800.0
2017 03 13 16 46 36  1800.0
2017 03 13 16 46 37  1800.0
2017 03 13 16 46 38  1800.0
2017 03 13 16 46 39  1800.0
2017 03 13 16 46 40  1800.0
2017 03 13 16 46 41  1800.0
2017 03 13 16 46 42  1800.0
2017 03 13 16 46 43  1800.0
2017 03 13 16 46 44  1800.0
2017 03 13 16 46 45  1800.0
2017 03 13 16 46 46  1800.0
2017 03 13 16 46 47  1800.0
2017 03 13 16 46 48  1800.0
2017 03 13 16 46 49  1800.0
2017 03 13 16 46 50  1800.0
2017 03 13 16 46 51  1800.0
2017 03 13 16 46 52  1800.0
2017 03 13 16 46 53  1800.0
2017 03 13 16 46 54  1800.0
2017 03 13 16 46 55  1800.0
2017 03 13 16 46 56  1800.0
2017 03 13 16 46 57  1800.0
2017 03 13 16 46 58  1800.0
2017 03 13 16 46 59  1800.0
2017 03 13 16 47 00  1800.0
2017 03 13 16 47 01  1800.0
2017 03 13 16 47 02  1800.0
2017 03 13 16 47 03  1800.0
2017 03 13 16 47 04  1800.0
2017 03 13 16 47 05  1800.0
2017 03 13 16 47 06  1800.0
2017 03 13 16 47 07  1800.0
2017 03 13 16 47 08  1800.0
2017 03 13 16 47 09  1800.0
2017 03 13 16 47 10  1800.0
2017 03 13 16 47 11  1800.0
2017 03 13 16 47 12  1800.0
2017 03 13 16 47 13  1800.0
2017 03 13 16 47 14  1800.0
2017 03 13 16 47 15  1800.0
2017 03 13 16 47 16  1800.0
2017 03 13 16 47 17  1800.0
2017 03 13 16 47 18  1800.0
2017 03 13 16 47 19  1800.0
2017 03 13 16 47 20  1800.0
2017 03 13 16 47 21  1800.0
2017 03 13 16 47 22  1800.0
2017 03 13 16 47 23  1800.0
2017 03 13 16 47 24  1800.0
2017 03 13 16 47 25  1800.0
2017 03 13 16 47 26  1800.0
2017 03 13 16 47 27  1800.0
2017 03 13 16 47 28  1800.0
2017 03 13 16 47 29  1800.0
2017 03 13 16 47 30  1800.0
2017 03 13 16 47 31  1800.0
2017 03 13 16 47 32  1800.0
2017 03 13 16 47 33  1800.0
2017 03 13 16 47 34  1800.0
2017 03 13 16 47 35  1800.0
2017 03 13 16 47 36  1800.0
2017 03 13 16 47 37  1800.0
2017 03 13 16 47 38  1800.0
2017 03 13 16 47 39  1800.0
2017 03 13 16 47 40  1800.0
2017 03 13 16 47 41  1800.0
2017 03 13 16 47 42  1800.0
2017 03 13 16 47 43  1800.0
2017 03 13 16 47 44  1800.0
2017 03 13 16 47 45  1800.0
2017 03 13 16 47 46  1800.0
2017 03 13 16 47 47  1800.0
2017 03 13 16 47 48  1800.0
2017 03 13 16 47 49  1800.0
2017 03 13 16 47 50  1800.0
2017 03 13 16 47 51  1800.0
2017 03 13 16 47 52  1800.0
2017 03 13 16 47 53  1800.0
2017 03 13 16 47 54  1800.0
2017 03 13 16 47 55  1800.0
2017 03 13 16 47 56  1800.0
2017 03 13 16 47 57  1800.0
2017 03 13 16 47 58  1800.0
2017 03 13 16 47 59  1800.0
2017 03 13 16 48 00  1800.0
2017 03 13 16 48 01  1800.0
2017 03 13 16 48 02  1800.0
2017 03 13 16 48 03  1800.0
2017 03 13 16 48 04  1800.0
2017 03 13 16 48 05  1800.0
2017 03 13 16 48 06  1800.0
2017 03 13 16 48 07  1800.0
2017 03 13 16 48 08  1800.0
2017 03 13 16 48 09  1800.0
2017 03 13 16 48 10  1800.0
2017 03 13 16 48 11  1800.0
2017 03 13 16 48 12  1800.0
2017 03 13 16 48 13  1800.0
2017 03 13 16 48 14  1800.0
2017 03 13 16 48 15  1800.0
2017 03 13 16 48 16  1800.0
2017 03 13 16 48 17  1800.0
2017 03 13 16 48 18  1800.0
2017 03 13 16 48 19  1800.0
2017 03 13 16 48 20  1800.0
2017 03 13 16 48 21  1800.0
2017 03 13 16 48 22  1800.0
2017 03 13 16 48 23  1800.0
2017 03 13 16 48 24  1800.0
2017 03 13 16 48 25  1800.0
2017 03 13 16 48 26  1800.0
2017 03 13 16 48 27  1800.0
2017 03 13 16 48 28  1800.0
2017 03 13 16 48 29  1800.0
2017 03 13 16 48 30  1800.0
2017 03 13 16 48 31  1800.0
2017 03 13 16 48 32  1800.0
2017 03 13 16 48 33  1800.0
2017 03 13 16 48 34  1800.0
2017 03 13 16 48 35  1800.0
2017 03 13 16 48 36  1800.0
2017 03 13 16 48 37  1800.0
2017 03 13 16 48 38  1800.0
2017 03 13 16 48 39  1800.0
2017 03 13 16 48 40  1800.0
2017 03 13 16 48 41  1800.0
2017 03 13 16 48 42  1800.0
2017 03 13 16 48 43  1800.0
2017 03 13 16 48 44  1800.0
2017 03 13 16 48 45  1800.0
2017 03 13 16 48 46  1800.0
2017 03 13 16 48 47  1800.0
2017 03 13 16 48 48  1800.0
2017 03 13 16 48 49  1800.0
2017 03 13 16 48 50  1800.0
2017 03 13 16 48 51  1800.0
2017 03 13 16 48 52  1800.0
2017 03 13 16 48 53  1800.0
2017 03 13 16 48 54  1800.0
2017 03 13 16 48 55  1800.0
2017 03 13 16 48 56  1800.0
2017 03 13 16 48 57  1800.0
2017 03 13 16 48 58  1800.0
2017 03 13 16 48 59  1800.0
2017 03 13 16 49 00  1800.0
2017 03 13 16 49 01  1800.0
2017 03 13 16 49 02  1800.0
2017 03 13 16 49 03  1800.0
2017 03 13 16 49 04  1800.0
2017 03 13 16 49 05  1800.0
2017 03 13 16 49 06  1800.0
2017 03 13 16 49 07  1800.0
2017 03 13 16 49 08  1800.0
2017 03 13 16 49 09  1800.0
2017 03 13 16 49 10  1800.0
2017 03 13 16 49 11  1800.0
2017 03 13 16 49 12  1800.0
2017 03 13 16 49 13  1800.0
2017 03 13 16 49 14  1800.0
2017 03 13 16 49 15  1800.0
2017 03 13 16 49 16  1800.0
2017 03 13 16 49 17  1800.0
2017 03 13 16 49 18  1800.0
2017 03 13 16 49 19  1800.0
2017 03 13 16 49 20  1800.0
2017 03 13 16 49 21  1800.0
2017 03 13 16 49 22  1800.0
2017 03 13 16 49 23  1800.0
2017 03 13 16 49 24  1800.0
2017 03 13 16 49 25  1800.0
2017 03 13 16 49 26  1800.0
2017 03 13 16 49 27  1800.0
2017 03 13 16 49 28  1800.0
2017 03 13 16 49 29  1800.0
2017 03 13 16 49 30  1800.0
2017 03 13 16 49 31  1800.0
2017 03 13 16 49 32  1800.0
2017 03 13 16 49 33  1800.0
2017 03 13 16 49 34  1800.0
2017 03 13 16 49 35  1800.0
2017 03 13 16 49 36  1800.0
2017 03 13 16 49 37  1800.0
2017 03 13 16 49 38  1800.0
2017 03 13 16 49 39  1800.0
2017 03 13 16 49 40  1800.0
2017 03 13 16 49 41  1800.0
2017 03 13 16 49 42  1800.0
2017 03 13 16 49 43  1800.0
2017 03 13 16 49 44  1800.0
2017 03 13 16 49 45  1800.0
2017 03 13 16 49 46  1800.0
2017 03 13 16 49 47  1800.0
2017 03 13 16 49 48  1800.0
2017 03 13 16 49 49  1800.0
2017 03 13 16 49 50  1800.0
2017 03 13 16 49 51  1800.0
2017 03 13 16 49 52  1800.0
2017 03 13 16 49 53  1800.0
2017 03 13 16 49 54  1800.0
2017 03 13 16 49 55  1800.0
2017 03 13 16 49 56  1800.0
2017 03 13 16 49 57  1800.0
2017 03 13 16 49 58  1800.0
2017 03 13 16 49 59  1800.0
2017 03 13 16 50 00  1800.0
2017 03 13 16 50 01  1800.0
2017 03 13 16 50 02  1800.0
2017 03 13 16 50 03  1800.0
2017 03 13 16 50 04  1800.0
2017 03 13 16 50 05  1800.0
2017 03 13 16 50 06  1800.0
2017 03 13 16 50 07  1800.0
2017 03 13 16 50 08  1800.0
2017 03 13 16 50 09  1800.0
2017 03 13 16 50 10  1800.0
2017 03 13 16 50 11  1800.0
2017 03 13 16 50 12  1800.0
2017 03 13 16 50 13  1800.0
2017 03 13 16 50 14  1800.0
2017 03 13 16 50 15  1800.0
2017 03 13 16 50 16  1800.0
2017 03 13 16 50 17  1800.0
2017 03 13 16 50 18  1800.0
2017 03 13 16 50 19  1800.0
2017 03 13 16 50 20  1800.0
2017 03 13 16 50 21  1800.0
2017 03 13 16 50 22  1800.0
2017 03 13 16 50 23  1800.0
2017 03 13 16 50 24  1800.0
2017 03 13 16 50 25  1800.0
2017 03 13 16 50 26  1800.0
2017 03 13 16 50 27  1800.0
2017 03 13 16 50 28  1800.0
2017 03 13 16 50 29  1800.0
2017 03 13 16 50 30  1800.0
2017 03 13 16 50 31  1800.0
2017 03 13 16 50 32  1800.0
2017 03 13 16 50 33  1800.0
2017 03 13 16 50 34  1800.0
2017 03 13 16 50 35  1800.0
2017 03 13 16 50 36  1800.0
2017 03 13 16 50 37  1800.0
2017 03 13 16 50 38  1800.0
2017 03 13 16 50 39  1800.0
2017 03 13 16 50 40  1800.0
2017 03 13 16 50 41  1800.0
2017 03 13 16 50 42  1800.0
2017 03 13 16 50 43  1800.0
2017 03 13 16 50 44  1800.0
2017 03 13 16 50 45  1800.0
2017 03 13 16 50 46  1800.0
2017 03 13 16 50 47  1800.0
2017 03 13 16 50 48  1800.0
2017 03 13 16 50 49  1800.0
2017 03 13 16 50 50  1800.0
2017 03 13 16 50 51  1800.0
2017 03 13 16 50 52  1800.0
2017 03 13 16 50 53  1800.0
2017 03 13 16 50 54  1800.0
2017 03 13 16 50 55  1800.0
2017 03 13 16 50 56  1800.0
2017 03 13 16 50 57  1800.0
2017 03 13 16 50 58  1800.0
2017 03 13 16 50 59  1800.0
2017 03 13 16 51 00  1800.0
2017 03 13 16 51 01  1800.0
2017 03 13 16 51 02  1800.0
2017 03 13 16 51 03  1800.0
2017 03 13 16 51 04  1800.0
2017 03 13 16 51 05  1800.0
2017 03 13 16 51 06  1800.0
2017 03 13 16 51 07  1800.0
2017 03 13 16 51 08  1800.0
2017 03 13 16 51 09  1800.0
2017 03 13 16 51 10  1800.0
2017 03 13 16 51 11  1800.0
2017 03 13 16 51 12  1800.0
2017 03 13 16 51 13  1800.0
2017 03 13 16 51 14  1800.0
2017 03 13 16 51 15  1800.0
2017 03 13 16 51 16  1800.0
2017 03 13 16 51 17  1800.0
2017 03 13 16 51 18  1800.0
2017 03 13 16 51 19  1800.0
2017 03 13 16 51 20  1800.0
2017 03 13 16 51 21  1800.0
2017 03 13 16 51 22  1800.0
2017 03 13 16 51 23  1800.0
2017 03 13 16 51 24  1800.0
2017 03 13 16 51 25  1800.0
2017 03 13 16 51 26  1800.0
2017 03 13 16 51 27  1800.0
2017 03 13 16 51 28  1800.0
2017 03 13 16 51 29  1800.0
2017 03 13 16 51 30  1800.0
2017 03 13 16 51 31  1800.0
2017 03 13 16 51 32  1800.0
2017 03 13 16 51 33  1800.0
2017 03 13 16 51 34  1800.0
2017 03 13 16 51 35  1800.0
2017 03 13 16 51 36  1800.0
2017 03 13 16 51 37  1800.0
2017 03 13 16 51 38  1800.0
2017 03 13 16 51 39  1800.0
2017 03 13 16 51 40  1800.0
2017 03 13 16 51 41  1800.0
2017 03 13 16 51 42  1800.0
2017 03 13 16 51 43  1800.0
2017 03 13 16 51 44  1800.0
2017 03 13 16 51 45  1800.0
2017 03 13 16 51 46  1800.0
2017 03 13 16 51 47  1800.0
2017 03 13 16 51 48  1800.0
2017 03 13 16 51 49  1800.0
2017 03 13 16 51 50  1800.0
2017 03 13 16 51 51  1800.0
2017 03 13 16 51 52  1800.0
2017 03 13 16 51 53  1800.0
2017 03 13 16 51 54  1800.0
2017 03 13 16 51 55  1800.0
2017 03 13 16 51 56  1800.0
2017 03 13 16 51 57  1800.0
2017 03 13 16 51 58  1800.0
2017 03 13 16 51 59  1800.0
2017 03 13 16 52 00  1800.0
2017 03 13 16 52 01  1800.0
2017 03 13 16 52 02  1800.0
2017 03 13 16 52 03  1800.0
2017 03 13 16 52 04  1800.0
2017 03 13 16 52 05  1800.0
2017 03 13 16 52 06  1800.0
2017 03 13 16 52 07  1800.0
2017 03 13 16 52 08  1800.0
2017 03 13 16 52 09  1800.0
2017 03 13 16 52 10  1800.0
2017 03 13 16 52 11  1800.0
2017 03 13 16 52 12  1800.0
2017 03 13 16 52 13  1800.0
2017 03 13 16 52 14  1800.0
2017 03 13 16 52 15  1800.0
2017 03 13 16 52 16  1800.0
2017 03 13 16 52 17  1800.0
2017 03 13 16 52 18  1800.0
2017 03 13 16 52 19  1800.0
2017 03 13 16 52 20  1800.0
2017 03 13 16 52 21  1800.0
2017 03 13 16 52 22  1800.0
2017 03 13 16 52 23  1800.0
2017 03 13 16 52 24  1800.0
2017 03 13 16 52 25  1800.0
2017 03 13 16 52 26  1800.0
2017 03 13 16 52 27  1800.0
2017 03 13 16 52 28  1800.0
2017 03 13 16 52 29  1800.0
2017 03 13 16 52 30  1800.0
2017 03 13 16 52 31  1800.0
2017 03 13 16 52 32  1800.0
2017 03 13 16 52 33  1800.0
2017 03 13 16 52 34  1800.0
2017 03 13 16 52 35  1800.0
2017 03 13 16 52 36  1800.0
2017 03 13 16 52 37  1800.0
2017 03 13 16 52 38  1800.0
2017 03 13 16 52 39  1800.0
2017 03 13 16 52 40  1800.0
2017 03 13 16 52 41  1800.0
2017 03 13 16 52 42  1800.0
2017 03 13 16 52 43  1800.0
2017 03 13 16 52 44  1800.0
2017 03 13 16 52 45  1800.0
2017 03 13 16 52 46  1800.0
2017 03 13 16 52 47  1800.0
2017 03 13 16 52 48  1800.0
2017 03 13 16 52 49  1800.0
2017 03 13 16 52 50  1800.0
2017 03 13 16 52 51  1800.0
2017 03 13 16 52 52  1800.0
2017 03 13 16 52 53  1800.0
2017 03 13 16 52 54  1800.0
2017 03 13 16 52 55  1800.0
2017 03 13 16 52 56  1800.0
2017 03 13 16 52 57  1800.0
2017 03 13 16 52 58  1800.0
2017 03 13 16 52 59  1800.0
2017 03 13 16 53 00  1800.0
2017 03 13 16 53 01  1800.0
2017 03 13 16 53 02  1800.0
2017 03 13 16 53 03  1800.0
2017 03 13 16 53 04  1800.0
2017 03 13 16 53 05  1800.0
2017 03 13 16 53 06  1800.0
2017 03 13 16 53 07  1800.0
2017 03 13 16 53 08  1800.0
2017 03 13 16 53 09  1800.0
2017 03 13 16 53 10  1800.0
2017 03 13 16 53 11  1800.0
2017 03 13 16 53 12  1800.0
2017 03 13 16 53 13  1800.0
2017 03 13 16 53 14  1800.0
2017 03 13 16 53 15  1800.0
2017 03 13 16 53 16  1800.0
2017 03 13 16 53 17  1800.0
2017 03 13 16 53 18  1800.0
2017 03 13 16 53 19  1800.0
2017 03 13 16 53 20  1800.0
2017 03 13 16 53 21  1800.0
2017 03 13 16 53 22  1800.0
2017 03 13 16 53 23  1800.0
2017 03 13 16 53 24  1800.0
2017 03 13 16 53 25  1800.0
2017 03 13 16 53 26  1800.0
2017 03 13 16 53 27  1800.0
2017 03 13 16 53 28  1800.0
2017 03 13 16 53 29  1800.0
2017 03 13 16 53 30  1800.0
2017 03 13 16 53 31  1800.0
2017 03 13 16 53 32  1800.0
2017 03 13 16 53 33  1800.0
2017 03 13 16 53 34  1800.0
2017 03 13 16 53 35  1800.0
2017 03 13 16 53 36  1800.0
2017 03 13 16 53 37  1800.0
2017 03 13 16 53 38  1800.0
2017 03 13 16 53 39  1800.0
2017 03 13 16 53 40  1800.0
2017 03 13 16 53 41  1800.0
2017 03 13 16 53 42  1800.0
2017 03 13 16 53 43  1800.0
2017 03 13 16 53 44  1800.0
2017 03 13 16 53 45  1800.0
2017 03 13 16 53 46  1800.0
2017 03 13 16 53 47  1800.0
2017 03 13 16 53 48  1800.0
2017 03 13 16 53 49  1800.0
2017 03 13 16 53 50  1800.0
2017 03 13 16 53 51  1800.0
2017 03 13 16 53 52  1800.0
2017 03 13 16 53 53  1800.0
2017 03 13 16 53 54  1800.0
2017 03 13 16 53 55  1800.0
2017 03 13 16 53 56  1800.0
2017 03 13 16 53 57  1800.0
2017 03 13 16 53 58  1800.0
2017 03 13 16 53 59  1800.0
2017 03 13 16 54 00  1800.0
2017 03 13 16 54 01  1800.0
2017 03 13 16 54 02  1800.0
2017 03 13 16 54 03  1800.0
2017 03 13 16 54 04  1800.0
2017 03 13 16 54 05  1800.0
2017 03 13 16 54 06  1800.0
2017 03 13 16 54 07  1800.0
2017 03 13 16 54 08  1800.0
2017 03 13 16 54 09  1800.0
2017 03 13 16 54 10  1800.0
2017 03 13 16 54 11  1800.0
2017 03 13 16 54 12  1800.0
2017 03 13 16 54 13  1800.0
2017 03 13 16 54 14  1800.0
2017 03 13 16 54 15  1800.0
2017 03 13 16 54 16  1800.0
2017 03 13 16 54 17  1800.0
2017 03 13 16 54 18  1800.0
2017 03 13 16 54 19  1800.0
2017 03 13 16 54 20  1800.0
2017 03 13 16 54 21  1800.0
2017 03 13 16 54 22  1800.0
2017 03 13 16 54 23  1800.0
2017 03 13 16 54 24  1800.0
2017 03 13 16 54 25  1800.0
2017 03 13 16 54 26  1800.0
2017 03 13 16 54 27  1800.0
2017 03 13 16 54 28  1800.0
2017 03 13 16 54 29  1800.0
2017 03 13 16 54 30  1800.0
2017 03 13 16 54 31  1800.0
2017 03 13 16 54 32  1800.0
2017 03 13 16 54 33  1800.0
2017 03 13 16 54 34  1800.0
2017 03 13 16 54 35  1800.0
2017 03 13 16 54 36  1800.0
2017 03 13 16 54 37  1800.0
2017 03 13 16 54 38  1800.0
2017 03 13 16 54 39  1800.0
2017 03 13 16 54 40  1800.0
2017 03 13 16 54 41  1800.0
2017 03 13 16 54 42  1800.0
2017 03 13 16 54 43  1800.0
2017 03 13 16 54 44  1800.0
2017 03 13 16 54 45  1800.0
2017 03 13 16 54 46  1800.0
2017 03 13 16 54 47  1800.0
2017 03 13 16 54 48  1800.0
2017 03 13 16 54 49  1800.0
2017 03 13 16 54 50  1800.0
2017 03 13 16 54 51  1800.0
2017 03 13 16 54 52  1800.0
2017 03 13 16 54 53  1800.0
2017 03 13 16 54 54  1800.0
2017 03 13 16 54 55  1800.0
2017 03 13 16 54 56  1800.0
2017 03 13 16 54 57  1800.0
2017 03 13 16 54 58  1800.0
2017 03 13 16 54 59  1800.0
2017 03 13 16 55 00  1800.0
2017 03 13 16 55 01  1800.0
2017 03 13 16 55 02  1800.0
2017 03 13 16 55 03  1800.0
2017 03 13 16 55 04  1800.0
2017 03 13 16 55 05  1800.0
2017 03 13 16 55 06  1800.0
2017 03 13 16 55 07  1800.0
2017 03 13 16 55 08  1800.0
2017 03 13 16 55 09  1800.0
2017 03 13 16 55 10  1800.0
2017 03 13 16 55 11  1800.0
2017 03 13 16 55 12  1800.0
2017 03 13 16 55 13  1800.0
2017 03 13 16 55 14  1800.0
2017 03 13 16 55 15  1800.0
2017 03 13 16 55 16  1800.0
2017 03 13 16 55 17  1800.0
2017 03 13 16 55 18  1800.0
2017 03 13 16 55 19  1800.0
2017 03 13 16 55 20  1800.0
2017 03 13 16 55 21  1800.0
2017 03 13 16 55 22  1800.0
2017 03 13 16 55 23  1800.0
2017 03 13 16 55 24  1800.0
2017 03 13 16 55 25  1800.0
2017 03 13 16 55 26  1800.0
2017 03 13 16 55 27  1800.0
2017 03 13 16 55 28  1800.0
2017 03 13 16 55 29  1800.0
2017 03 13 16 55 30  1800.0
2017 03 13 16 55 31  1800.0
2017 03 13 16 55 32  1800.0
2017 03 13 16 55 33  1800.0
2017 03 13 16 55 34  1800.0
2017 03 13 16 55 35  1800.0
2017 03 13 16 55 36  1800.0
2017 03 13 16 55 37  1800.0
2017 03 13 16 55 38  1800.0
2017 03 13 16 55 39  1800.0
2017 03 13 16 55 40  1800.0
2017 03 13 16 55 41  1800.0
2017 03 13 16 55 42  1800.0
2017 03 13 16 55 43  1800.0
2017 03 13 16 55 44  1800.0
2017 03 13 16 55 45  1800.0
2017 03 13 16 55 46  1800.0
2017 03 13 16 55 47  1800.0
2017 03 13 16 55 48  1800.0
2017 03 13 16 55 49  1800.0
2017 03 13 16 55 50  1800.0
2017 03 13 16 55 51  1800.0
2017 03 13 16 55 52  1800.0
2017 03 13 16 55 53  1800.0
2017 03 13 16 55 54  1800.0
2017 03 13 16 55 55  1800.0
2017 03 13 16 55 56  1800.0
2017 03 13 16 55 57  1800.0
2017 03 13 16 55 58  1800.0
2017 03 13 16 55 59  1800.0
2017 03 13 16 56 00  1800.0
2017 03 13 16 56 01  1800.0
2017 03 13 16 56 02  1800.0
2017 03 13 16 56 03  1800.0
2017 03 13 16 56 04  1800.0
2017 03 13 16 56 05  1800.0
2017 03 13 16 56 06  1800.0
2017 03 13 16 56 07  1800.0
2017 03 13 16 56 08  1800.0
2017 03 13 16 56 09  1800.0
2017 03 13 16 56 10  1800.0
2017 03 13 16 56 11  1800.0
2017 03 13 16 56 12  1800.0
2017 03 13 16 56 13  1800.0
2017 03 13 16 56 14  1800.0
2017 03 13 16 56 15  1800.0
2017 03 13 16 56 16  1800.0
2017 03 13 16 56 17  1800.0
2017 03 13 16 56 18  1800.0
2017 03 13 16 56 19  1800.0
2017 03 13 16 56 20  1800.0
2017 03 13 16 56 21  1800.0
2017 03 13 16 56 22  1800.0
2017 03 13 16 56 23  1800.0
2017 03 13 16 56 24  1800.0
2017 03 13 16 56 25  1800.0
2017 03 13 16 56 26  1800.0
2017 03 13 16 56 27  1800.0
2017 03 13 16 56 28  1800.0
2017 03 13 16 56 29  1800.0
2017 03 13 16 56 30  1800.0
2017 03 13 16 56 31  1800.0
2017 03 13 16 56 32  1800.0
2017 03 13 16 56 33  1800.0
2017 03 13 16 56 34  1800.0
2017 03 13 16 56 35  1800.0
2017 03 13 16 56 36  1800.0
2017 03 13 16 56 37  1800.0
2017 03 13 16 56 38  1800.0
2017 03 13 16 56 39  1800.0
2017 03 13 16 56 40  1800.0
2017 03 13 16 56 41  1800.0
2017 03 13 16 56 42  1800.0
2017 03 13 16 56 43  1800.0
2017 03 13 16 56 44  1800.0
2017 03 13 16 56 45  1800.0
2017 03 13 16 56 46  1800.0
2017 03 13 16 56 47  1800.0
2017 03 13 16 56 48  1800.0
2017 03 13 16 56 49  1800.0
2017 03 13 16 56 50  1800.0
2017 03 13 16 56 51  1800.0
2017 03 13 16 56 52  1800.0
2017 03 13 16 56 53  1800.0
2017 03 13 16 56 54  1800.0
2017 03 13 16 56 55  1800.0
2017 03 13 16 56 56  1800.0
2017 03 13 16 56 57  1800.0
2017 03 13 16 56 58  1800.0
2017 03 13 16 56 59  1800.0
2017 03 13 16 57 00  1800.0
2017 03 13 16 57 01  1800.0
2017 03 13 16 57 02  1800.0
2017 03 13 16 57 03  1800.0
2017 03 13 16 57 04  1800.0
2017 03 13 16 57 05  1800.0
2017 03 13 16 57 06  1800.0
2017 03 13 16 57 07  1800.0
2017 03 13 16 57 08  1800.0
2017 03 13 16 57 09  1800.0
2017 03 13 16 57 10  1800.0
2017 03 13 16 57 11  1800.0
2017 03 13 16 57 12  1800.0
2017 03 13 16 57 13  1800.0
2017 03 13 16 57 14  1800.0
2017 03 13 16 57 15  1800.0
2017 03 13 16 57 16  1800.0
2017 03 13 16 57 17  1800.0
2017 03 13 16 57 18  1800.0
2017 03 13 16 57 19  1800.0
2017 03 13 16 57 20  1800.0
2017 03 13 16 57 21  1800.0
2017 03 13 16 57 22  1800.0
2017 03 13 16 57 23  1800.0
2017 03 13 16 57 24  1800.0
2017 03 13 16 57 25  1800.0
2017 03 13 16 57 26  1800.0
2017 03 13 16 57 27  1800.0
2017 03 13 16 57 28  1800.0
2017 03 13 16 57 29  1800.0
2017 03 13 16 57 30  1800.0
2017 03 13 16 57 31  1800.0
2017 03 13 16 57 32  1800.0
2017 03 13 16 57 33  1800.0
2017 03 13 16 57 34  1800.0
2017 03 13 16 57 35  1800.0
2017 03 13 16 57 36  1800.0
2017 03 13 16 57 37  1800.0
2017 03 13 16 57 38  1800.0
2017 03 13 16 57 39  1800.0
2017 03 13 16 57 40  1800.0
2017 03 13 16 57 41  1800.0
2017 03 13 16 57 42  1800.0
2017 03 13 16 57 43  1800.0
2017 03 13 16 57 44  1800.0
2017 03 13 16 57 45  1800.0
2017 03 13 16 57 46  1800.0
2017 03 13 16 57 47  1800.0
2017 03 13 16 57 48  1800.0
2017 03 13 16 57 49  1800.0
2017 03 13 16 57 50  1800.0
2017 03 13 16 57 51  1800.0
2017 03 13 16 57 52  1800.0
2017 03 13 16 57 53  1800.0
2017 03 13 16 57 54  1800.0
2017 03 13 16 57 55  1800.0
2017 03 13 16 57 56  1800.0
2017 03 13 16 57 57  1800.0
2017 03 13 16 57 58  1800.0
2017 03 13 16 57 59  1800.0
2017 03 13 16 58 00  1800.0
2017 03 13 16 58 01  1800.0
2017 03 13 16 58 02  1800.0
2017 03 13 16 58 03  1800.0
2017 03 13 16 58 04  1800.0
2017 03 13 16 58 05  1800.0
2017 03 13 16 58 06  1800.0
2017 03 13 16 58 07  1800.0
2017 03 13 16 58 08  1800.0
2017 03 13 16 58 09  1800.0
2017 03 13 16 58 10  1800.0
2017 03 13 16 58 11  1800.0
2017 03 13 16 58 12  1800.0
2017 03 13 16 58 13  1800.0
2017 03 13 16 58 14  1800.0
2017 03 13 16 58 15  1800.0
2017 03 13 16 58 16  1800.0
2017 03 13 16 58 17  1800.0
2017 03 13 16 58 18  1800.0
2017 03 13 16 58 19  1800.0
2017 03 13 16 58 20  1800.0
2017 03 13 16 58 21  1800.0
2017 03 13 16 58 22  1800.0
2017 03 13 16 58 23  1800.0
2017 03 13 16 58 24  1800.0
2017 03 13 16 58 25  1800.0
2017 03 13 16 58 26  1800.0
2017 03 13 16 58 27  1800.0
2017 03 13 16 58 28  1800.0
2017 03 13 16 58 29  1800.0
2017 03 13 16 58 30  1800.0
2017 03 13 16 58 31  1800.0
2017 03 13 16 58 32  1800.0
2017 03 13 16 58 33  1800.0
2017 03 13 16 58 34  1800.0
2017 03 13 16 58 35  1800.0
2017 03 13 16 58 36  1800.0
2017 03 13 16 58 37  1800.0
2017 03 13 16 58 38  1800.0
2017 03 13 16 58 39  1800.0
2017 03 13 16 58 40  1800.0
2017 03 13 16 58 41  1800.0
2017 03 13 16 58 42  1800.0
2017 03 13 16 58 43  1800.0
2017 03 13 16 58 44  1800.0
2017 03 13 16 58 45  1800.0
2017 03 13 16 58 46  1800.0
2017 03 13 16 58 47  1800.0
2017 03 13 16 58 48  1800.0
2017 03 13 16 58 49  1800.0
2017 03 13 16 58 50  1800.0
2017 03 13 16 58 51  1800.0
2017 03 13 16 58 52  1800.0
2017 03 13 16 58 53  1800.0
2017 03 13 16 58 54  1800.0
2017 03 13 16 58 55  1800.0
2017 03 13 16 58 56  1800.0
2017 03 13 16 58 57  1800.0
2017 03 13 16 58 58  1800.0
2017 03 13 16 58 59  1800.0
2017 03 13 16 59 00  1800.0
2017 03 13 16 59 01  1800.0
2017 03 13 16 59 02  1800.0
2017 03 13 16 59 03  1800.0
2017 03 13 16 59 04  1800.0
2017 03 13 16 59 05  1800.0
2017 03 13 16 59 06  1800.0
2017 03 13 16 59 07  1800.0
2017 03 13 16 59 08  1800.0
2017 03 13 16 59 09  1800.0
2017 03 13 16 59 10  1800.0
2017 03 13 16 59 11  1800.0
2017 03 13 16 59 12  1800.0
2017 03 13 16 59 13  1800.0
2017 03 13 16 59 14  1800.0
2017 03 13 16 59 15  1800.0
2017 03 13 16 59 16  1800.0
2017 03 13 16 59 17  1800.0
2017 03 13 16 59 18  1800.0
2017 03 13 16 59 19  1800.0
2017 03 13 16 59 20  1800.0
2017 03 13 16 59 21  1800.0
2017 03 13 16 59 22  1800.0
2017 03 13 16 59 23  1800.0
2017 03 13 16 59 24  1800.0
2017 03 13 16 59 25  1800.0
2017 03 13 16 59 26  1800.0
2017 03 13 16 59 27  1800.0
2017 03 13 16 59 28  1800.0
2017 03 13 16 59 29  1800.0
2017 03 13 16 59 30  1800.0
2017 03 13 16 59 31  1800.0
2017 03 13 16 59 32  1800.0
2017 03 13 16 59 33  1800.0
2017 03 13 16 59 34  1800.0
2017 03 13 16 59 35  1800.0
2017 03 13 16 59 36  1800.0
2017 03 13 16 59 37  1800.0
2017 03 13 16 59 38  1800.0
2017 03 13 16 59 39  1800.0
2017 03 13 16 59 40  1800.0
2017 03 13 16 59 41  1800.0
2017 03 13 16 59 42  1800.0
2017 03 13 16 59 43  1800.0
2017 03 13 16 59 44  1800.0
2017 03 13 16 59 45  1800.0
2017 03 13 16 59 46  1800.0
2017 03 13 16 59 47  1800.0
2017 03 13 16 59 48  1800.0
2017 03 13 16 59 49  1800.0
2017 03 13 16 59 50  1800.0
2017 03 13 16 59 51  1800.0
2017 03 13 16 59 52  1800.0
2017 03 13 16 59 53  1800.0
2017 03 13 16 59 54  1800.0
2017 03 13 16 59 55  1800.0
2017 03 13 16 59 56  1800.0
2017 03 13 16 59 57  1800.0
2017 03 13 16 59 58  1800.0
2017 03 13 16 59 59  1800.0
2017 03 13 17 00 00  1800.0
2017 03 13 17 00 01  1800.0
2017 03 13 17 00 02  1800.0
2017 03 13 17 00 03  1800.0
2017 03 13 17 00 04  1800.0
2017 03 13 17 00 05  1800.0
2017 03 13 17 00 06  1800.0
2017 03 13 17 00 07  1800.0
2017 03 13 17 00 08  1800.0
2017 03 13 17 00 09  1800.0
2017 03 13 17 00 10  1800.0
2017 03 13 17 00 11  1800.0
2017 03 13 17 00 12  1800.0
2017 03 13 17 00 13  1800.0
2017 03 13 17 00 14  1800.0
2017 03 13 17 00 15  1800.0
2017 03 13 17 00 16  1800.0
2017 03 13 17 00 17  1800.0
2017 03 13 17 00 18  1800.0
2017 03 13 17 00 19  1800.0
2017 03 13 17 00 20  1800.0
2017 03 13 17 00 21  1800.0
2017 03 13 17 00 22  1800.0
2017 03 13 17 00 23  1800.0
2017 03 13 17 00 24  1800.0
2017 03 13 17 00 25  1800.0
2017 03 13 17 00 26  1800.0
2017 03 13 17 00 27  1800.0
2017 03 13 17 00 28  1800.0
2017 03 13 17 00 29  1800.0
2017 03 13 17 00 30  1800.0
2017 03 13 17 00 31  1800.0
2017 03 13 17 00 32  1800.0
2017 03 13 17 00 33  1800.0
2017 03 13 17 00 34  1800.0
2017 03 13 17 00 35  1800.0
2017 03 13 17 00 36  1800.0
2017 03 13 17 00 37  1800.0
2017 03 13 17 00 38  1800.0
2017 03 13 17 00 39  1800.0
2017 03 13 17 00 40  1800.0
2017 03 13 17 00 41  1800.0
2017 03 13 17 00 42  1800.0
2017 03 13 17 00 43  1800.0
2017 03 13 17 00 44  1800.0
2017 03 13 17 00 45  1800.0
2017 03 13 17 00 46  1800.0
2017 03 13 17 00 47  1800.0
2017 03 13 17 00 48  1800.0
2017 03 13 17 00 49  1800.0
2017 03 13 17 00 50  1800.0
2017 03 13 17 00 51  1800.0
2017 03 13 17 00 52  1800.0
2017 03 13 17 00 53  1800.0
2017 03 13 17 00 54  1800.0
2017 03 13 17 00 55  1800.0
2017 03 13 17 00 56  1800.0
2017 03 13 17 00 57  1800.0
2017 03 13 17 00 58  1800.0
2017 03 13 17 00 59  1800.0
2017 03 13 17 01 00  1800.0
2017 03 13 17 01 01  1800.0
2017 03 13 17 01 02  1800.0
2017 03 13 17 01 03  1800.0
2017 03 13 17 01 04  1800.0
2017 03 13 17 01 05  1800.0
2017 03 13 17 01 06  1800.0
2017 03 13 17 01 07  1800.0
2017 03 13 17 01 08  1800.0
2017 03 13 17 01 09  1800.0
2017 03 13 17 01 10  1800.0
2017 03 13 17 01 11  1800.0
2017 03 13 17 01 12  1800.0
2017 03 13 17 01 13  1800.0
2017 03 13 17 01 14  1800.0
2017 03 13 17 01 15  1800.0
2017 03 13 17 01 16  1800.0
2017 03 13 17 01 17  1800.0
2017 03 13 17 01 18  1800.0
2017 03 13 17 01 19  1800.0
2017 03 13 17 01 20  1800.0
2017 03 13 17 01 21  1800.0
2017 03 13 17 01 22  1800.0
2017 03 13 17 01 23  1800.0
2017 03 13 17 01 24  1800.0
2017 03 13 17 01 25  1800.0
2017 03 13 17 01 26  1800.0
2017 03 13 17 01 27  1800.0
2017 03 13 17 01 28  1800.0
2017 03 13 17 01 29  1800.0
2017 03 13 17 01 30  1800.0
2017 03 13 17 01 31  1800.0
2017 03 13 17 01 32  1800.0
2017 03 13 17 01 33  1800.0
2017 03 13 17 01 34  1800.0
2017 03 13 17 01 35  1800.0
2017 03 13 17 01 36  1800.0
2017 03 13 17 01 37  1800.0
2017 03 13 17 01 38  1800.0
2017 03 13 17 01 39  1800.0
2017 03 13 17 01 40  1800.0
2017 03 13 17 01 41  1800.0
2017 03 13 17 01 42  1800.0
2017 03 13 17 01 43  1800.0
2017 03 13 17 01 44  1800.0
2017 03 13 17 01 45  1800.0
2017 03 13 17 01 46  1800.0
2017 03 13 17 01 47  1800.0
2017 03 13 17 01 48  1800.0
2017 03 13 17 01 49  1800.0
2017 03 13 17 01 50  1800.0
2017 03 13 17 01 51  1800.0
2017 03 13 17 01 52  1800.0
2017 03 13 17 01 53  1800.0
2017 03 13 17 01 54  1800.0
2017 03 13 17 01 55  1800.0
2017 03 13 17 01 56  1800.0
2017 03 13 17 01 57  1800.0
2017 03 13 17 01 58  1800.0
2017 03 13 17 01 59  1800.0
2017 03 13 17 02 00  1800.0
2017 03 13 17 02 01  1800.0
2017 03 13 17 02 02  1800.0
2017 03 13 17 02 03  1800.0
2017 03 13 17 02 04  1800.0
2017 03 13 17 02 05  1800.0
2017 03 13 17 02 06  1800.0
2017 03 13 17 02 07  1800.0
2017 03 13 17 02 08  1800.0
2017 03 13 17 02 09  1800.0
2017 03 13 17 02 10  1800.0
2017 03 13 17 02 11  1800.0
2017 03 13 17 02 12  1800.0
2017 03 13 17 02 13  1800.0
2017 03 13 17 02 14  1800.0
2017 03 13 17 02 15  1800.0
2017 03 13 17 02 16  1800.0
2017 03 13 17 02 17  1800.0
2017 03 13 17 02 18  1800.0
2017 03 13 17 02 19  1800.0
2017 03 13 17 02 20  1800.0
2017 03 13 17 02 21  1800.0
2017 03 13 17 02 22  1800.0
2017 03 13 17 02 23  1800.0
2017 03 13 17 02 24  1800.0
2017 03 13 17 02 25  1800.0
2017 03 13 17 02 26  1800.0
2017 03 13 17 02 27  1800.0
2017 03 13 17 02 28  1800.0
2017 03 13 17 02 29  1800.0
2017 03 13 17 02 30  1800.0
2017 03 13 17 02 31  1800.0
2017 03 13 17 02 32  1800.0
2017 03 13 17 02 33  1800.0
2017 03 13 17 02 34  1800.0
2017 03 13 17 02 35  1800.0
2017 03 13 17 02 36  1800.0
2017 03 13 17 02 37  1800.0
2017 03 13 17 02 38  1800.0
2017 03 13 17 02 39  1800.0
2017 03 13 17 02 40  1800.0
2017 03 13 17 02 41  1800.0
2017 03 13 17 02 42  1800.0
2017 03 13 17 02 43  1800.0
2017 03 13 17 02 44  1800.0
2017 03 13 17 02 45  1800.0
2017 03 13 17 02 46  1800.0
2017 03 13 17 02 47  1800.0
2017 03 13 17 02 48  1800.0
2017 03 13 17 02 49  1800.0
2017 03 13 17 02 50  1800.0
2017 03 13 17 02 51  1800.0
2017 03 13 17 02 52  1800.0
2017 03 13 17 02 53  1800.0
2017 03 13 17 02 54  1800.0
2017 03 13 17 02 55  1800.0
2017 03 13 17 02 56  1800.0
2017 03 13 17 02 57  1800.0
2017 03 13 17 02 58  1800.0
2017 03 13 17 02 59  1800.0
2017 03 13 17 03 00  1800.0
2017 03 13 17 03 01  1800.0
2017 03 13 17 03 02  1800.0
2017 03 13 17 03 03  1800.0
2017 03 13 17 03 04  1800.0
2017 03 13 17 03 05  1800.0
2017 03 13 17 03 06  1800.0
2017 03 13 17 03 07  1800.0
2017 03 13 17 03 08  1800.0
2017 03 13 17 03 09  1800.0
2017 03 13 17 03 10  1800.0
2017 03 13 17 03 11  1800.0
2017 03 13 17 03 12  1800.0
2017 03 13 17 03 13  1800.0
2017 03 13 17 03 14  1800.0
2017 03 13 17 03 15  1800.0
2017 03 13 17 03 16  1800.0
2017 03 13 17 03 17  1800.0
2017 03 13 17 03 18  1800.0
2017 03 13 17 03 19  1800.0
2017 03 13 17 03 20  1800.0
2017 03 13 17 03 21  1800.0
2017 03 13 17 03 22  1800.0
2017 03 13 17 03 23  1800.0
2017 03 13 17 03 24  1800.0
2017 03 13 17 03 25  1800.0
2017 03 13 17 03 26  1800.0
2017 03 13 17 03 27  1800.0
2017 03 13 17 03 28  1800.0
2017 03 13 17 03 29  1800.0
2017 03 13 17 03 30  1800.0
2017 03 13 17 03 31  1800.0
2017 03 13 17 03 32  1800.0
2017 03 13 17 03 33  1800.0
2017 03 13 17 03 34  1800.0
2017 03 13 17 03 35  1800.0
2017 03 13 17 03 36  1800.0
2017 03 13 17 03 37  1800.0
2017 03 13 17 03 38  1800.0
2017 03 13 17 03 39  1800.0
2017 03 13 17 03 40  1800.0
2017 03 13 17 03 41  1800.0
2017 03 13 17 03 42  1800.0
2017 03 13 17 03 43  1800.0
2017 03 13 17 03 44  1800.0
2017 03 13 17 03 45  1800.0
2017 03 13 17 03 46  1800.0
2017 03 13 17 03 47  1800.0
2017 03 13 17 03 48  1800.0
2017 03 13 17 03 49  1800.0
2017 03 13 17 03 50  1800.0
2017 03 13 17 03 51  1800.0
2017 03 13 17 03 52  1800.0
2017 03 13 17 03 53  1800.0
2017 03 13 17 03 54  1800.0
2017 03 13 17 03 55  1800.0
2017 03 13 17 03 56  1800.0
2017 03 13 17 03 57  1800.0
2017 03 13 17 03 58  1800.0
2017 03 13 17 03 59  1800.0
2017 03 13 17 04 00  1800.0
2017 03 13 17 04 01  1800.0
2017 03 13 17 04 02  1800.0
2017 03 13 17 04 03  1800.0
2017 03 13 17 04 04  1800.0
2017 03 13 17 04 05  1800.0
2017 03 13 17 04 06  1800.0
2017 03 13 17 04 07  1800.0
2017 03 13 17 04 08  1800.0
2017 03 13 17 04 09  1800.0
2017 03 13 17 04 10  1800.0
2017 03 13 17 04 11  1800.0
2017 03 13 17 04 12  1800.0
2017 03 13 17 04 13  1800.0
2017 03 13 17 04 14  1800.0
2017 03 13 17 04 15  1800.0
2017 03 13 17 04 16  1800.0
2017 03 13 17 04 17  1800.0
2017 03 13 17 04 18  1800.0
2017 03 13 17 04 19  1800.0
2017 03 13 17 04 20  1800.0
2017 03 13 17 04 21  1800.0
2017 03 13 17 04 22  1800.0
2017 03 13 17 04 23  1800.0
2017 03 13 17 04 24  1800.0
2017 03 13 17 04 25  1800.0
2017 03 13 17 04 26  1800.0
2017 03 13 17 04 27  1800.0
2017 03 13 17 04 28  1800.0
2017 03 13 17 04 29  1800.0
2017 03 13 17 04 30  1800.0
2017 03 13 17 04 31  1800.0
2017 03 13 17 04 32  1800.0
2017 03 13 17 04 33  1800.0
2017 03 13 17 04 34  1800.0
2017 03 13 17 04 35  1800.0
2017 03 13 17 04 36  1800.0
2017 03 13 17 04 37  1800.0
2017 03 13 17 04 38  1800.0
2017 03 13 17 04 39  1800.0
2017 03 13 17 04 40  1800.0
2017 03 13 17 04 41  1800.0
2017 03 13 17 04 42  1800.0
2017 03 13 17 04 43  1800.0
2017 03 13 17 04 44  1800.0
2017 03 13 17 04 45  1800.0
2017 03 13 17 04 46  1800.0
2017 03 13 17 04 47  1800.0
2017 03 13 17 04 48  1800.0
2017 03 13 17 04 49  1800.0
2017 03 13 17 04 50  1800.0
2017 03 13 17 04 51  1800.0
2017 03 13 17 04 52  1800.0
2017 03 13 17 04 53  1800.0
2017 03 13 17 04 54  1800.0
2017 03 13 17 04 55  1800.0
2017 03 13 17 04 56  1800.0
2017 03 13 17 04 57  1800.0
2017 03 13 17 04 58  1800.0
2017 03 13 17 04 59  1800.0
2017 03 13 17 05 00  1800.0
2017 03 13 17 05 01  1800.0
2017 03 13 17 05 02  1800.0
2017 03 13 17 05 03  1800.0
2017 03 13 17 05 04  1800.0
2017 03 13 17 05 05  1800.0
2017 03 13 17 05 06  1800.0
2017 03 13 17 05 07  1800.0
2017 03 13 17 05 08  1800.0
2017 03 13 17 05 09  1800.0
2017 03 13 17 05 10  1800.0
2017 03 13 17 05 11  1800.0
2017 03 13 17 05 12  1800.0
2017 03 13 17 05 13  1800.0
2017 03 13 17 05 14  1800.0
2017 03 13 17 05 15  1800.0
2017 03 13 17 05 16  1800.0
2017 03 13 17 05 17  1800.0
2017 03 13 17 05 18  1800.0
2017 03 13 17 05 19  1800.0
2017 03 13 17 05 20  1800.0
2017 03 13 17 05 21  1800.0
2017 03 13 17 05 22  1800.0
2017 03 13 17 05 23  1800.0
2017 03 13 17 05 24  1800.0
2017 03 13 17 05 25  1800.0
2017 03 13 17 05 26  1800.0
2017 03 13 17 05 27  1800.0
2017 03 13 17 05 28  1800.0
2017 03 13 17 05 29  1800.0
2017 03 13 17 05 30  1800.0
2017 03 13 17 05 31  1800.0
2017 03 13 17 05 32  1800.0
2017 03 13 17 05 33  1800.0
2017 03 13 17 05 34  1800.0
2017 03 13 17 05 35  1800.0
2017 03 13 17 05 36  1800.0
2017 03 13 17 05 37  1800.0
2017 03 13 17 05 38  1800.0
2017 03 13 17 05 39  1800.0
2017 03 13 17 05 40  1800.0
2017 03 13 17 05 41  1800.0
2017 03 13 17 05 42  1800.0
2017 03 13 17 05 43  1800.0
2017 03 13 17 05 44  1800.0
2017 03 13 17 05 45  1800.0
2017 03 13 17 05 46  1800.0
2017 03 13 17 05 47  1800.0
2017 03 13 17 05 48  1800.0
2017 03 13 17 05 49  1800.0
2017 03 13 17 05 50  1800.0
2017 03 13 17 05 51  1800.0
2017 03 13 17 05 52  1800.0
2017 03 13 17 05 53  1800.0
2017 03 13 17 05 54  1800.0
2017 03 13 17 05 55  1800.0
2017 03 13 17 05 56  1800.0
2017 03 13 17 05 57  1800.0
2017 03 13 17 05 58  1800.0
2017 03 13 17 05 59  1800.0
2017 03 13 17 06 00  1800.0
2017 03 13 17 06 01  1800.0
2017 03 13 17 06 02  1800.0
2017 03 13 17 06 03  1800.0
2017 03 13 17 06 04  1800.0
2017 03 13 17 06 05  1800.0
2017 03 13 17 06 06  1800.0
2017 03 13 17 06 07  1800.0
2017 03 13 17 06 08  1800.0
2017 03 13 17 06 09  1800.0
2017 03 13 17 06 10  1800.0
2017 03 13 17 06 11  1800.0
2017 03 13 17 06 12  1800.0
2017 03 13 17 06 13  1800.0
2017 03 13 17 06 14  1800.0
2017 03 13 17 06 15  1800.0
2017 03 13 17 06 16  1800.0
2017 03 13 17 06 17  1800.0
2017 03 13 17 06 18  1800.0
2017 03 13 17 06 19  1800.0
2017 03 13 17 06 20  1800.0
2017 03 13 17 06 21  1800.0
2017 03 13 17 06 22  1800.0
2017 03 13 17 06 23  1800.0
2017 03 13 17 06 24  1800.0
2017 03 13 17 06 25  1800.0
2017 03 13 17 06 26  1800.0
2017 03 13 17 06 27  1800.0
2017 03 13 17 06 28  1800.0
2017 03 13 17 06 29  1800.0
2017 03 13 17 06 30  1800.0
2017 03 13 17 06 31  1800.0
2017 03 13 17 06 32  1800.0
2017 03 13 17 06 33  1800.0
2017 03 13 17 06 34  1800.0
2017 03 13 17 06 35  1800.0
2017 03 13 17 06 36  1800.0
2017 03 13 17 06 37  1800.0
2017 03 13 17 06 38  1800.0
2017 03 13 17 06 39  1800.0
2017 03 13 17 06 40  1800.0
2017 03 13 17 06 41  1800.0
2017 03 13 17 06 42  1800.0
2017 03 13 17 06 43  1800.0
2017 03 13 17 06 44  1800.0
2017 03 13 17 06 45  1800.0
2017 03 13 17 06 46  1800.0
2017 03 13 17 06 47  1800.0
2017 03 13 17 06 48  1800.0
2017 03 13 17 06 49  1800.0
2017 03 13 17 06 50  1800.0
2017 03 13 17 06 51  1800.0
2017 03 13 17 06 52  1800.0
2017 03 13 17 06 53  1800.0
2017 03 13 17 06 54  1800.0
2017 03 13 17 06 55  1800.0
2017 03 13 17 06 56  1800.0
2017 03 13 17 06 57  1800.0
2017 03 13 17 06 58  1800.0
2017 03 13 17 06 59  1800.0
2017 03 13 17 07 00  1800.0
2017 03 13 17 07 01  1800.0
2017 03 13 17 07 02  1800.0
2017 03 13 17 07 03  1800.0
2017 03 13 17 07 04  1800.0
2017 03 13 17 07 05  1800.0
2017 03 13 17 07 06  1800.0
2017 03 13 17 07 07  1800.0
2017 03 13 17 07 08  1800.0
2017 03 13 17 07 09  1800.0
2017 03 13 17 07 10  1800.0
2017 03 13 17 07 11  1800.0
2017 03 13 17 07 12  1800.0
2017 03 13 17 07 13  1800.0
2017 03 13 17 07 14  1800.0
2017 03 13 17 07 15  1800.0
2017 03 13 17 07 16  1800.0
2017 03 13 17 07 17  1800.0
2017 03 13 17 07 18  1800.0
2017 03 13 17 07 19  1800.0
2017 03 13 17 07 20  1800.0
2017 03 13 17 07 21  1800.0
2017 03 13 17 07 22  1800.0
2017 03 13 17 07 23  1800.0
2017 03 13 17 07 24  1800.0
2017 03 13 17 07 25  1800.0
2017 03 13 17 07 26  1800.0
2017 03 13 17 07 27  1800.0
2017 03 13 17 07 28  1800.0
2017 03 13 17 07 29  1800.0
2017 03 13 17 07 30  1800.0
2017 03 13 17 07 31  1800.0
2017 03 13 17 07 32  1800.0
2017 03 13 17 07 33  1800.0
2017 03 13 17 07 34  1800.0
2017 03 13 17 07 35  1800.0
2017 03 13 17 07 36  1800.0
2017 03 13 17 07 37  1800.0
2017 03 13 17 07 38  1800.0
2017 03 13 17 07 39  1800.0
2017 03 13 17 07 40  1800.0
2017 03 13 17 07 41  1800.0
2017 03 13 17 07 42  1800.0
2017 03 13 17 07 43  1800.0
2017 03 13 17 07 44  1800.0
2017 03 13 17 07 45  1800.0
2017 03 13 17 07 46  1800.0
2017 03 13 17 07 47  1800.0
2017 03 13 17 07 48  1800.0
2017 03 13 17 07 49  1800.0
2017 03 13 17 07 50  1800.0
2017 03 13 17 07 51  1800.0
2017 03 13 17 07 52  1800.0
2017 03 13 17 07 53  1800.0
2017 03 13 17 07 54  1800.0
2017 03 13 17 07 55  1800.0
2017 03 13 17 07 56  1800.0
2017 03 13 17 07 57  1800.0
2017 03 13 17 07 58  1800.0
2017 03 13 17 07 59  1800.0
2017 03 13 17 08 00  1800.0
2017 03 13 17 08 01  1800.0
2017 03 13 17 08 02  1800.0
2017 03 13 17 08 03  1800.0
2017 03 13 17 08 04  1800.0
2017 03 13 17 08 05  1800.0
2017 03 13 17 08 06  1800.0
2017 03 13 17 08 07  1800.0
2017 03 13 17 08 08  1800.0
2017 03 13 17 08 09  1800.0
2017 03 13 17 08 10  1800.0
2017 03 13 17 08 11  1800.0
2017 03 13 17 08 12  1800.0
2017 03 13 17 08 13  1800.0
2017 03 13 17 08 14  1800.0
2017 03 13 17 08 15  1800.0
2017 03 13 17 08 16  1800.0
2017 03 13 17 08 17  1800.0
2017 03 13 17 08 18  1800.0
2017 03 13 17 08 19  1800.0
2017 03 13 17 08 20  1800.0
2017 03 13 17 08 21  1800.0
2017 03 13 17 08 22  1800.0
2017 03 13 17 08 23  1800.0
2017 03 13 17 08 24  1800.0
2017 03 13 17 08 25  1800.0
2017 03 13 17 08 26  1800.0
2017 03 13 17 08 27  1800.0
2017 03 13 17 08 28  1800.0
2017 03 13 17 08 29  1800.0
2017 03 13 17 08 30  1800.0
2017 03 13 17 08 31  1800.0
2017 03 13 17 08 32  1800.0
2017 03 13 17 08 33  1800.0
2017 03 13 17 08 34  1800.0
2017 03 13 17 08 35  1800.0
2017 03 13 17 08 36  1800.0
2017 03 13 17 08 37  1800.0
2017 03 13 17 08 38  1800.0
2017 03 13 17 08 39  1800.0
2017 03 13 17 08 40  1800.0
2017 03 13 17 08 41  1800.0
2017 03 13 17 08 42  1800.0
2017 03 13 17 08 43  1800.0
2017 03 13 17 08 44  1800.0
2017 03 13 17 08 45  1800.0
2017 03 13 17 08 46  1800.0
2017 03 13 17 08 47  1800.0
2017 03 13 17 08 48  1800.0
2017 03 13 17 08 49  1800.0
2017 03 13 17 08 50  1800.0
2017 03 13 17 08 51  1800.0
2017 03 13 17 08 52  1800.0
2017 03 13 17 08 53  1800.0
2017 03 13 17 08 54  1800.0
2017 03 13 17 08 55  1800.0
2017 03 13 17 08 56  1800.0
2017 03 13 17 08 57  1800.0
2017 03 13 17 08 58  1800.0
2017 03 13 17 08 59  1800.0
2017 03 13 17 09 00  1800.0
2017 03 13 17 09 01  1800.0
2017 03 13 17 09 02  1800.0
2017 03 13 17 09 03  1800.0
2017 03 13 17 09 04  1800.0
2017 03 13 17 09 05  1800.0
2017 03 13 17 09 06  1800.0
2017 03 13 17 09 07  1800.0
2017 03 13 17 09 08  1800.0
2017 03 13 17 09 09  1800.0
2017 03 13 17 09 10  1800.0
2017 03 13 17 09 11  1800.0
2017 03 13 17 09 12  1800.0
2017 03 13 17 09 13  1800.0
2017 03 13 17 09 14  1800.0
2017 03 13 17 09 15  1800.0
2017 03 13 17 09 16  1800.0
2017 03 13 17 09 17  1800.0
2017 03 13 17 09 18  1800.0
2017 03 13 17 09 19  1800.0
2017 03 13 17 09 20  1800.0
2017 03 13 17 09 21  1800.0
2017 03 13 17 09 22  1800.0
2017 03 13 17 09 23  1800.0
2017 03 13 17 09 24  1800.0
2017 03 13 17 09 25  1800.0
2017 03 13 17 09 26  1800.0
2017 03 13 17 09 27  1800.0
2017 03 13 17 09 28  1800.0
2017 03 13 17 09 29  1800.0
2017 03 13 17 09 30  1800.0
2017 03 13 17 09 31  1800.0
2017 03 13 17 09 32  1800.0
2017 03 13 17 09 33  1800.0
2017 03 13 17 09 34  1800.0
2017 03 13 17 09 35  1800.0
2017 03 13 17 09 36  1800.0
2017 03 13 17 09 37  1800.0
2017 03 13 17 09 38  1800.0
2017 03 13 17 09 39  1800.0
2017 03 13 17 09 40  1800.0
2017 03 13 17 09 41  1800.0
2017 03 13 17 09 42  1800.0
2017 03 13 17 09 43  1800.0
2017 03 13 17 09 44  1800.0
2017 03 13 17 09 45  1800.0
2017 03 13 17 09 46  1800.0
2017 03 13 17 09 47  1800.0
2017 03 13 17 09 48  1800.0
2017 03 13 17 09 49  1800.0
2017 03 13 17 09 50  1800.0
2017 03 13 17 09 51  1800.0
2017 03 13 17 09 52  1800.0
2017 03 13 17 09 53  1800.0
2017 03 13 17 09 54  1800.0
2017 03 13 17 09 55  1800.0
2017 03 13 17 09 56  1800.0
2017 03 13 17 09 57  1800.0
2017 03 13 17 09 58  1800.0
2017 03 13 17 09 59  1800.0
2017 03 13 17 10 00  1800.0
2017 03 13 17 10 01  1800.0
2017 03 13 17 10 02  1800.0
2017 03 13 17 10 03  1800.0
2017 03 13 17 10 04  1800.0
2017 03 13 17 10 05  1800.0
2017 03 13 17 10 06  1800.0
2017 03 13 17 10 07  1800.0
2017 03 13 17 10 08  1800.0
2017 03 13 17 10 09  1800.0
2017 03 13 17 10 10  1800.0
2017 03 13 17 10 11  1800.0
2017 03 13 17 10 12  1800.0
2017 03 13 17 10 13  1800.0
2017 03 13 17 10 14  1800.0
2017 03 13 17 10 15  1800.0
2017 03 13 17 10 16  1800.0
2017 03 13 17 10 17  1800.0
2017 03 13 17 10 18  1800.0
2017 03 13 17 10 19  1800.0
2017 03 13 17 10 20  1800.0
2017 03 13 17 10 21  1800.0
2017 03 13 17 10 22  1800.0
2017 03 13 17 10 23  1800.0
2017 03 13 17 10 24  1800.0
2017 03 13 17 10 25  1800.0
2017 03 13 17 10 26  1800.0
2017 03 13 17 10 27  1800.0
2017 03 13 17 10 28  1800.0
2017 03 13 17 10 29  1800.0
2017 03 13 17 10 30  1800.0
2017 03 13 17 10 31  1800.0
2017 03 13 17 10 32  1800.0
2017 03 13 17 10 33  1800.0
2017 03 13 17 10 34  1800.0
2017 03 13 17 10 35  1800.0
2017 03 13 17 10 36  1800.0
2017 03 13 17 10 37  2700.0
2017 03 13 17 10 38  2700.0
2017 03 13 17 10 39  2700.0
2017 03 13 17 10 40  2700.0
2017 03 13 17 10 41  2700.0
2017 03 13 17 10 42  2700.0
2017 03 13 17 10 43  2700.0
2017 03 13 17 10 44  2700.0
2017 03 13 17 10 45  2700.0
2017 03 13 17 10 46  2700.0
2017 03 13 17 10 47  2700.0
2017 03 13 17 10 48  2700.0
2017 03 13 17 10 49  2700.0
2017 03 13 17 10 50  2700.0
2017 03 13 17 10 51  2700.0
2017 03 13 17 10 52  2700.0
2017 03 13 17 10 53  2700.0
2017 03 13 17 10 54  2700.0
2017 03 13 17 10 55  2700.0
2017 03 13 17 10 56  2700.0
2017 03 13 17 10 57  2700.0
2017 03 13 17 10 58  2700.0
2017 03 13 17 10 59  2700.0
2017 03 13 17 11 00  2700.0
2017 03 13 17 11 01  2700.0
2017 03 13 17 11 02  2700.0
2017 03 13 17 11 03  2700.0
2017 03 13 17 11 04  2700.0
2017 03 13 17 11 05  2700.0
2017 03 13 17 11 06  2700.0
2017 03 13 17 11 07  2700.0
2017 03 13 17 11 08  2700.0
2017 03 13 17 11 09  2700.0
2017 03 13 17 11 10  2700.0
2017 03 13 17 11 11  2700.0
2017 03 13 17 11 12  2700.0
2017 03 13 17 11 13  2700.0
2017 03 13 17 11 14  2700.0
2017 03 13 17 11 15  2700.0
2017 03 13 17 11 16  2700.0
2017 03 13 17 11 17  2700.0
2017 03 13 17 11 18  2700.0
2017 03 13 17 11 19  2700.0
2017 03 13 17 11 20  2700.0
2017 03 13 17 11 21  2700.0
2017 03 13 17 11 22  2700.0
2017 03 13 17 11 23  2700.0
2017 03 13 17 11 24  2700.0
2017 03 13 17 11 25  2700.0
2017 03 13 17 11 26  2700.0
2017 03 13 17 11 27  2700.0
2017 03 13 17 11 28  2700.0
2017 03 13 17 11 29  2700.0
2017 03 13 17 11 30  2700.0
2017 03 13 17 11 31  2700.0
2017 03 13 17 11 32  2700.0
2017 03 13 17 11 33  2700.0
2017 03 13 17 11 34  2700.0
2017 03 13 17 11 35  2700.0
2017 03 13 17 11 36  2700.0
2017 03 13 17 11 37  2700.0
2017 03 13 17 11 38  2700.0
2017 03 13 17 11 39  2700.0
2017 03 13 17 11 40  2700.0
2017 03 13 17 11 41  2700.0
2017 03 13 17 11 42  2700.0
2017 03 13 17 11 43  2700.0
2017 03 13 17 11 44  2700.0
2017 03 13 17 11 45  2700.0
2017 03 13 17 11 46  2700.0
2017 03 13 17 11 47  2700.0
2017 03 13 17 11 48  2700.0
2017 03 13 17 11 49  2700.0
2017 03 13 17 11 50  2700.0
2017 03 13 17 11 51  2700.0
2017 03 13 17 11 52  2700.0
2017 03 13 17 11 53  2700.0
2017 03 13 17 11 54  2700.0
2017 03 13 17 11 55  2700.0
2017 03 13 17 11 56  2700.0
2017 03 13 17 11 57  2700.0
2017 03 13 17 11 58  2700.0
2017 03 13 17 11 59  2700.0
2017 03 13 17 12 00  2700.0
2017 03 13 17 12 01  2700.0
2017 03 13 17 12 02  2700.0
2017 03 13 17 12 03  2700.0
2017 03 13 17 12 04  2700.0
2017 03 13 17 12 05  2700.0
2017 03 13 17 12 06  2700.0
2017 03 13 17 12 07  2700.0
2017 03 13 17 12 08  2700.0
2017 03 13 17 12 09  2700.0
2017 03 13 17 12 10  2700.0
2017 03 13 17 12 11  2700.0
2017 03 13 17 12 12  2700.0
2017 03 13 17 12 13  2700.0
2017 03 13 17 12 14  2700.0
2017 03 13 17 12 15  2700.0
2017 03 13 17 12 16  2700.0
2017 03 13 17 12 17  2700.0
2017 03 13 17 12 18  2700.0
2017 03 13 17 12 19  2700.0
2017 03 13 17 12 20  2700.0
2017 03 13 17 12 21  2700.0
2017 03 13 17 12 22  2700.0
2017 03 13 17 12 23  2700.0
2017 03 13 17 12 24  2700.0
2017 03 13 17 12 25  2700.0
2017 03 13 17 12 26  2700.0
2017 03 13 17 12 27  2700.0
2017 03 13 17 12 28  2700.0
2017 03 13 17 12 29  2700.0
2017 03 13 17 12 30  2700.0
2017 03 13 17 12 31  2700.0
2017 03 13 17 12 32  2700.0
2017 03 13 17 12 33  2700.0
2017 03 13 17 12 34  2700.0
2017 03 13 17 12 35  2700.0
2017 03 13 17 12 36  2700.0
2017 03 13 17 12 37  2700.0
2017 03 13 17 12 38  2700.0
2017 03 13 17 12 39  2700.0
2017 03 13 17 12 40  2700.0
2017 03 13 17 12 41  2700.0
2017 03 13 17 12 42  2700.0
2017 03 13 17 12 43  2700.0
2017 03 13 17 12 44  2700.0
2017 03 13 17 12 45  2700.0
2017 03 13 17 12 46  2700.0
2017 03 13 17 12 47  2700.0
2017 03 13 17 12 48  2700.0
2017 03 13 17 12 49  2700.0
2017 03 13 17 12 50  2700.0
2017 03 13 17 12 51  2700.0
2017 03 13 17 12 52  2700.0
2017 03 13 17 12 53  2700.0
2017 03 13 17 12 54  2700.0
2017 03 13 17 12 55  2700.0
2017 03 13 17 12 56  2700.0
2017 03 13 17 12 57  2700.0
2017 03 13 17 12 58  2700.0
2017 03 13 17 12 59  2700.0
2017 03 13 17 13 00  2700.0
2017 03 13 17 13 01  2700.0
2017 03 13 17 13 02  2700.0
2017 03 13 17 13 03  2700.0
2017 03 13 17 13 04  2700.0
2017 03 13 17 13 05  2700.0
2017 03 13 17 13 06  2700.0
2017 03 13 17 13 07  2700.0
2017 03 13 17 13 08  2700.0
2017 03 13 17 13 09  2700.0
2017 03 13 17 13 10  2700.0
2017 03 13 17 13 11  2700.0
2017 03 13 17 13 12  2700.0
2017 03 13 17 13 13  2700.0
2017 03 13 17 13 14  2700.0
2017 03 13 17 13 15  2700.0
2017 03 13 17 13 16  2700.0
2017 03 13 17 13 17  2700.0
2017 03 13 17 13 18  2700.0
2017 03 13 17 13 19  2700.0
2017 03 13 17 13 20  2700.0
2017 03 13 17 13 21  2700.0
2017 03 13 17 13 22  2700.0
2017 03 13 17 13 23  2700.0
2017 03 13 17 13 24  2700.0
2017 03 13 17 13 25  2700.0
2017 03 13 17 13 26  2700.0
2017 03 13 17 13 27  2700.0
2017 03 13 17 13 28  2700.0
2017 03 13 17 13 29  2700.0
2017 03 13 17 13 30  2700.0
2017 03 13 17 13 31  2700.0
2017 03 13 17 13 32  2700.0
2017 03 13 17 13 33  2700.0
2017 03 13 17 13 34  2700.0
2017 03 13 17 13 35  2700.0
2017 03 13 17 13 36  2700.0
2017 03 13 17 13 37  2700.0
2017 03 13 17 13 38  2700.0
2017 03 13 17 13 39  2700.0
2017 03 13 17 13 40  2700.0
2017 03 13 17 13 41  2700.0
2017 03 13 17 13 42  2700.0
2017 03 13 17 13 43  2700.0
2017 03 13 17 13 44  2700.0
2017 03 13 17 13 45  2700.0
2017 03 13 17 13 46  2700.0
2017 03 13 17 13 47  2700.0
2017 03 13 17 13 48  2700.0
2017 03 13 17 13 49  2700.0
2017 03 13 17 13 50  2700.0
2017 03 13 17 13 51  2700.0
2017 03 13 17 13 52  2700.0
2017 03 13 17 13 53  2700.0
2017 03 13 17 13 54  2700.0
2017 03 13 17 13 55  2700.0
2017 03 13 17 13 56  2700.0
2017 03 13 17 13 57  2700.0
2017 03 13 17 13 58  2700.0
2017 03 13 17 13 59  2700.0
2017 03 13 17 14 00  2700.0
2017 03 13 17 14 01  2700.0
2017 03 13 17 14 02  2700.0
2017 03 13 17 14 03  2700.0
2017 03 13 17 14 04  2700.0
2017 03 13 17 14 05  2700.0
2017 03 13 17 14 06  2700.0
2017 03 13 17 14 07  2700.0
2017 03 13 17 14 08  2700.0
2017 03 13 17 14 09  2700.0
2017 03 13 17 14 10  2700.0
2017 03 13 17 14 11  2700.0
2017 03 13 17 14 12  2700.0
2017 03 13 17 14 13  2700.0
2017 03 13 17 14 14  2700.0
2017 03 13 17 14 15  2700.0
2017 03 13 17 14 16  2700.0
2017 03 13 17 14 17  2700.0
2017 03 13 17 14 18  2700.0
2017 03 13 17 14 19  2700.0
2017 03 13 17 14 20  2700.0
2017 03 13 17 14 21  2700.0
2017 03 13 17 14 22  2700.0
2017 03 13 17 14 23  2700.0
2017 03 13 17 14 24  2700.0
2017 03 13 17 14 25  2700.0
2017 03 13 17 14 26  2700.0
2017 03 13 17 14 27  2700.0
2017 03 13 17 14 28  2700.0
2017 03 13 17 14 29  2700.0
2017 03 13 17 14 30  2700.0
2017 03 13 17 14 31  2700.0
2017 03 13 17 14 32  2700.0
2017 03 13 17 14 33  2700.0
2017 03 13 17 14 34  2700.0
2017 03 13 17 14 35  2700.0
2017 03 13 17 14 36  2700.0
2017 03 13 17 14 37  2700.0
2017 03 13 17 14 38  2700.0
2017 03 13 17 14 39  2700.0
2017 03 13 17 14 40  2700.0
2017 03 13 17 14 41  2700.0
2017 03 13 17 14 42  2700.0
2017 03 13 17 14 43  2700.0
2017 03 13 17 14 44  2700.0
2017 03 13 17 14 45  2700.0
2017 03 13 17 14 46  2700.0
2017 03 13 17 14 47  2700.0
2017 03 13 17 14 48  2700.0
2017 03 13 17 14 49  2700.0
2017 03 13 17 14 50  2700.0
2017 03 13 17 14 51  2700.0
2017 03 13 17 14 52  2700.0
2017 03 13 17 14 53  2700.0
2017 03 13 17 14 54  2700.0
2017 03 13 17 14 55  2700.0
2017 03 13 17 14 56  2700.0
2017 03 13 17 14 57  2700.0
2017 03 13 17 14 58  2700.0
2017 03 13 17 14 59  2700.0
2017 03 13 17 15 00  2700.0
2017 03 13 17 15 01  2700.0
2017 03 13 17 15 02  2700.0
2017 03 13 17 15 03  2700.0
2017 03 13 17 15 04  2700.0
2017 03 13 17 15 05  2700.0
2017 03 13 17 15 06  2700.0
2017 03 13 17 15 07  2700.0
2017 03 13 17 15 08  2700.0
2017 03 13 17 15 09  2700.0
2017 03 13 17 15 10  2700.0
2017 03 13 17 15 11  2700.0
2017 03 13 17 15 12  2700.0
2017 03 13 17 15 13  2700.0
2017 03 13 17 15 14  2700.0
2017 03 13 17 15 15  2700.0
2017 03 13 17 15 16  2700.0
2017 03 13 17 15 17  2700.0
2017 03 13 17 15 18  2700.0
2017 03 13 17 15 19  2700.0
2017 03 13 17 15 20  2700.0
2017 03 13 17 15 21  2700.0
2017 03 13 17 15 22  2700.0
2017 03 13 17 15 23  2700.0
2017 03 13 17 15 24  2700.0
2017 03 13 17 15 25  2700.0
2017 03 13 17 15 26  2700.0
2017 03 13 17 15 27  2700.0
2017 03 13 17 15 28  2700.0
2017 03 13 17 15 29  2700.0
2017 03 13 17 15 30  2700.0
2017 03 13 17 15 31  2700.0
2017 03 13 17 15 32  2700.0
2017 03 13 17 15 33  2700.0
2017 03 13 17 15 34  2700.0
2017 03 13 17 15 35  2700.0
2017 03 13 17 15 36  2700.0
2017 03 13 17 15 37  2700.0
2017 03 13 17 15 38  2700.0
2017 03 13 17 15 39  2700.0
2017 03 13 17 15 40  2700.0
2017 03 13 17 15 41  2700.0
2017 03 13 17 15 42  2700.0
2017 03 13 17 15 43  2700.0
2017 03 13 17 15 44  2700.0
2017 03 13 17 15 45  2700.0
2017 03 13 17 15 46  2700.0
2017 03 13 17 15 47  2700.0
2017 03 13 17 15 48  2700.0
2017 03 13 17 15 49  2700.0
2017 03 13 17 15 50  2700.0
2017 03 13 17 15 51  2700.0
2017 03 13 17 15 52  2700.0
2017 03 13 17 15 53  2700.0
2017 03 13 17 15 54  2700.0
2017 03 13 17 15 55  2700.0
2017 03 13 17 15 56  2700.0
2017 03 13 17 15 57  2700.0
2017 03 13 17 15 58  2700.0
2017 03 13 17 15 59  2700.0
2017 03 13 17 16 00  2700.0
2017 03 13 17 16 01  2700.0
2017 03 13 17 16 02  2700.0
2017 03 13 17 16 03  2700.0
2017 03 13 17 16 04  2700.0
2017 03 13 17 16 05  2700.0
2017 03 13 17 16 06  2700.0
2017 03 13 17 16 07  2700.0
2017 03 13 17 16 08  2700.0
2017 03 13 17 16 09  2700.0
2017 03 13 17 16 10  2700.0
2017 03 13 17 16 11  2700.0
2017 03 13 17 16 12  2700.0
2017 03 13 17 16 13  2700.0
2017 03 13 17 16 14  2700.0
2017 03 13 17 16 15  2700.0
2017 03 13 17 16 16  2700.0
2017 03 13 17 16 17  2700.0
2017 03 13 17 16 18  2700.0
2017 03 13 17 16 19  2700.0
2017 03 13 17 16 20  2700.0
2017 03 13 17 16 21  2700.0
2017 03 13 17 16 22  2700.0
2017 03 13 17 16 23  2700.0
2017 03 13 17 16 24  2700.0
2017 03 13 17 16 25  2700.0
2017 03 13 17 16 26  2700.0
2017 03 13 17 16 27  2700.0
2017 03 13 17 16 28  2700.0
2017 03 13 17 16 29  2700.0
2017 03 13 17 16 30  2700.0
2017 03 13 17 16 31  2700.0
2017 03 13 17 16 32  2700.0
2017 03 13 17 16 33  2700.0
2017 03 13 17 16 34  2700.0
2017 03 13 17 16 35  2700.0
2017 03 13 17 16 36  2700.0
2017 03 13 17 16 37  2700.0
2017 03 13 17 16 38  2700.0
2017 03 13 17 16 39  2700.0
2017 03 13 17 16 40  2700.0
2017 03 13 17 16 41  2700.0
2017 03 13 17 16 42  2700.0
2017 03 13 17 16 43  2700.0
2017 03 13 17 16 44  2700.0
2017 03 13 17 16 45  2700.0
2017 03 13 17 16 46  2700.0
2017 03 13 17 16 47  2700.0
2017 03 13 17 16 48  2700.0
2017 03 13 17 16 49  2700.0
2017 03 13 17 16 50  2700.0
2017 03 13 17 16 51  2700.0
2017 03 13 17 16 52  2700.0
2017 03 13 17 16 53  2700.0
2017 03 13 17 16 54  2700.0
2017 03 13 17 16 55  2700.0
2017 03 13 17 16 56  2700.0
2017 03 13 17 16 57  2700.0
2017 03 13 17 16 58  2700.0
2017 03 13 17 16 59  2700.0
2017 03 13 17 17 00  2700.0
2017 03 13 17 17 01  2700.0
2017 03 13 17 17 02  2700.0
2017 03 13 17 17 03  2700.0
2017 03 13 17 17 04  2700.0
2017 03 13 17 17 05  2700.0
2017 03 13 17 17 06  2700.0
2017 03 13 17 17 07  2700.0
2017 03 13 17 17 08  2700.0
2017 03 13 17 17 09  2700.0
2017 03 13 17 17 10  2700.0
2017 03 13 17 17 11  2700.0
2017 03 13 17 17 12  2700.0
2017 03 13 17 17 13  2700.0
2017 03 13 17 17 14  2700.0
2017 03 13 17 17 15  2700.0
2017 03 13 17 17 16  2700.0
2017 03 13 17 17 17  2700.0
2017 03 13 17 17 18  2700.0
2017 03 13 17 17 19  2700.0
2017 03 13 17 17 20  2700.0
2017 03 13 17 17 21  2700.0
2017 03 13 17 17 22  2700.0
2017 03 13 17 17 23  2700.0
2017 03 13 17 17 24  2700.0
2017 03 13 17 17 25  2700.0
2017 03 13 17 17 26  2700.0
2017 03 13 17 17 27  2700.0
2017 03 13 17 17 28  2700.0
2017 03 13 17 17 29  2700.0
2017 03 13 17 17 30  2700.0
2017 03 13 17 17 31  2700.0
2017 03 13 17 17 32  2700.0
2017 03 13 17 17 33  2700.0
2017 03 13 17 17 34  2700.0
2017 03 13 17 17 35  2700.0
2017 03 13 17 17 36  2700.0
2017 03 13 17 17 37  2700.0
2017 03 13 17 17 38  2700.0
2017 03 13 17 17 39  2700.0
2017 03 13 17 17 40  2700.0
2017 03 13 17 17 41  2700.0
2017 03 13 17 17 42  2700.0
2017 03 13 17 17 43  2700.0
2017 03 13 17 17 44  2700.0
2017 03 13 17 17 45  2700.0
2017 03 13 17 17 46  2700.0
2017 03 13 17 17 47  2700.0
2017 03 13 17 17 48  2700.0
2017 03 13 17 17 49  2700.0
2017 03 13 17 17 50  2700.0
2017 03 13 17 17 51  2700.0
2017 03 13 17 17 52  2700.0
2017 03 13 17 17 53  2700.0
2017 03 13 17 17 54  2700.0
2017 03 13 17 17 55  2700.0
2017 03 13 17 17 56  2700.0
2017 03 13 17 17 57  2700.0
2017 03 13 17 17 58  2700.0
2017 03 13 17 17 59  2700.0
2017 03 13 17 18 00  2700.0
2017 03 13 17 18 01  2700.0
2017 03 13 17 18 02  2700.0
2017 03 13 17 18 03  2700.0
2017 03 13 17 18 04  2700.0
2017 03 13 17 18 05  2700.0
2017 03 13 17 18 06  2700.0
2017 03 13 17 18 07  2700.0
2017 03 13 17 18 08  2700.0
2017 03 13 17 18 09  2700.0
2017 03 13 17 18 10  2700.0
2017 03 13 17 18 11  2700.0
2017 03 13 17 18 12  2700.0
2017 03 13 17 18 13  2700.0
2017 03 13 17 18 14  2700.0
2017 03 13 17 18 15  2700.0
2017 03 13 17 18 16  2700.0
2017 03 13 17 18 17  2700.0
2017 03 13 17 18 18  2700.0
2017 03 13 17 18 19  2700.0
2017 03 13 17 18 20  2700.0
2017 03 13 17 18 21  2700.0
2017 03 13 17 18 22  2700.0
2017 03 13 17 18 23  2700.0
2017 03 13 17 18 24  2700.0
2017 03 13 17 18 25  2700.0
2017 03 13 17 18 26  2700.0
2017 03 13 17 18 27  2700.0
2017 03 13 17 18 28  2700.0
2017 03 13 17 18 29  2700.0
2017 03 13 17 18 30  2700.0
2017 03 13 17 18 31  2700.0
2017 03 13 17 18 32  2700.0
2017 03 13 17 18 33  2700.0
2017 03 13 17 18 34  2700.0
2017 03 13 17 18 35  2700.0
2017 03 13 17 18 36  2700.0
2017 03 13 17 18 37  2700.0
2017 03 13 17 18 38  2700.0
2017 03 13 17 18 39  2700.0
2017 03 13 17 18 40  2700.0
2017 03 13 17 18 41  2700.0
2017 03 13 17 18 42  2700.0
2017 03 13 17 18 43  2700.0
2017 03 13 17 18 44  2700.0
2017 03 13 17 18 45  2700.0
2017 03 13 17 18 46  2700.0
2017 03 13 17 18 47  2700.0
2017 03 13 17 18 48  2700.0
2017 03 13 17 18 49  2700.0
2017 03 13 17 18 50  2700.0
2017 03 13 17 18 51  2700.0
2017 03 13 17 18 52  2700.0
2017 03 13 17 18 53  2700.0
2017 03 13 17 18 54  2700.0
2017 03 13 17 18 55  2700.0
2017 03 13 17 18 56  2700.0
2017 03 13 17 18 57  2700.0
2017 03 13 17 18 58  2700.0
2017 03 13 17 18 59  2700.0
2017 03 13 17 19 00  2700.0
2017 03 13 17 19 01  2700.0
2017 03 13 17 19 02  2700.0
2017 03 13 17 19 03  2700.0
2017 03 13 17 19 04  2700.0
2017 03 13 17 19 05  2700.0
2017 03 13 17 19 06  2700.0
2017 03 13 17 19 07  2700.0
2017 03 13 17 19 08  2700.0
2017 03 13 17 19 09  2700.0
2017 03 13 17 19 10  2700.0
2017 03 13 17 19 11  2700.0
2017 03 13 17 19 12  2700.0
2017 03 13 17 19 13  2700.0
2017 03 13 17 19 14  2700.0
2017 03 13 17 19 15  2700.0
2017 03 13 17 19 16  2700.0
2017 03 13 17 19 17  2700.0
2017 03 13 17 19 18  2700.0
2017 03 13 17 19 19  2700.0
2017 03 13 17 19 20  2700.0
2017 03 13 17 19 21  2700.0
2017 03 13 17 19 22  2700.0
2017 03 13 17 19 23  2700.0
2017 03 13 17 19 24  2700.0
2017 03 13 17 19 25  2700.0
2017 03 13 17 19 26  2700.0
2017 03 13 17 19 27  2700.0
2017 03 13 17 19 28  2700.0
2017 03 13 17 19 29  2700.0
2017 03 13 17 19 30  2700.0
2017 03 13 17 19 31  2700.0
2017 03 13 17 19 32  2700.0
2017 03 13 17 19 33  2700.0
2017 03 13 17 19 34  2700.0
2017 03 13 17 19 35  2700.0
2017 03 13 17 19 36  2700.0
2017 03 13 17 19 37  2700.0
2017 03 13 17 19 38  2700.0
2017 03 13 17 19 39  2700.0
2017 03 13 17 19 40  2700.0
2017 03 13 17 19 41  2700.0
2017 03 13 17 19 42  2700.0
2017 03 13 17 19 43  2700.0
2017 03 13 17 19 44  2700.0
2017 03 13 17 19 45  2700.0
2017 03 13 17 19 46  2700.0
2017 03 13 17 19 47  2700.0
2017 03 13 17 19 48  2700.0
2017 03 13 17 19 49  2700.0
2017 03 13 17 19 50  2700.0
2017 03 13 17 19 51  2700.0
2017 03 13 17 19 52  2700.0
2017 03 13 17 19 53  2700.0
2017 03 13 17 19 54  2700.0
2017 03 13 17 19 55  2700.0
2017 03 13 17 19 56  2700.0
2017 03 13 17 19 57  2700.0
2017 03 13 17 19 58  2700.0
2017 03 13 17 19 59  2700.0
2017 03 13 17 20 00  2700.0
2017 03 13 17 20 01  2700.0
2017 03 13 17 20 02  2700.0
2017 03 13 17 20 03  2700.0
2017 03 13 17 20 04  2700.0
2017 03 13 17 20 05  2700.0
2017 03 13 17 20 06  2700.0
2017 03 13 17 20 07  2700.0
2017 03 13 17 20 08  2700.0
2017 03 13 17 20 09  2700.0
2017 03 13 17 20 10  2700.0
2017 03 13 17 20 11  2700.0
2017 03 13 17 20 12  2700.0
2017 03 13 17 20 13  2700.0
2017 03 13 17 20 14  2700.0
2017 03 13 17 20 15  2700.0
2017 03 13 17 20 16  2700.0
2017 03 13 17 20 17  2700.0
2017 03 13 17 20 18  2700.0
2017 03 13 17 20 19  2700.0
2017 03 13 17 20 20  2700.0
2017 03 13 17 20 21  2700.0
2017 03 13 17 20 22  3600.0
2017 03 13 17 20 23  3600.0
2017 03 13 17 20 24  3600.0
2017 03 13 17 20 25  3600.0
2017 03 13 17 20 26  3600.0
2017 03 13 17 20 27  3600.0
2017 03 13 17 20 28  3600.0
2017 03 13 17 20 29  3600.0
2017 03 13 17 20 30  3600.0
2017 03 13 17 20 31  3600.0
2017 03 13 17 20 32  3600.0
2017 03 13 17 20 33  3600.0
2017 03 13 17 20 34  3600.0
2017 03 13 17 20 35  3600.0
2017 03 13 17 20 36  3600.0
2017 03 13 17 20 37  3600.0
2017 03 13 17 20 38  3600.0
2017 03 13 17 20 39  3600.0
2017 03 13 17 20 40  3600.0
2017 03 13 17 20 41  3600.0
2017 03 13 17 20 42  3600.0
2017 03 13 17 20 43  3600.0
2017 03 13 17 20 44  3600.0
2017 03 13 17 20 45  3600.0
2017 03 13 17 20 46  3600.0
2017 03 13 17 20 47  3600.0
2017 03 13 17 20 48  3600.0
2017 03 13 17 20 49  3600.0
2017 03 13 17 20 50  3600.0
2017 03 13 17 20 51  3600.0
2017 03 13 17 20 52  3600.0
2017 03 13 17 20 53  3600.0
2017 03 13 17 20 54  3600.0
2017 03 13 17 20 55  3600.0
2017 03 13 17 20 56  3600.0
2017 03 13 17 20 57  3600.0
2017 03 13 17 20 58  3600.0
2017 03 13 17 20 59  3600.0
2017 03 13 17 21 00  3600.0
2017 03 13 17 21 01  3600.0
2017 03 13 17 21 02  3600.0
2017 03 13 17 21 03  3600.0
2017 03 13 17 21 04  3600.0
2017 03 13 17 21 05  3600.0
2017 03 13 17 21 06  3600.0
2017 03 13 17 21 07  3600.0
2017 03 13 17 21 08  3600.0
2017 03 13 17 21 09  3600.0
2017 03 13 17 21 10  3600.0
2017 03 13 17 21 11  3600.0
2017 03 13 17 21 12  3600.0
2017 03 13 17 21 13  3600.0
2017 03 13 17 21 14  3600.0
2017 03 13 17 21 15  3600.0
2017 03 13 17 21 16  3600.0
2017 03 13 17 21 17  3600.0
2017 03 13 17 21 18  3600.0
2017 03 13 17 21 19  3600.0
2017 03 13 17 21 20  3600.0
2017 03 13 17 21 21  3600.0
2017 03 13 17 21 22  3600.0
2017 03 13 17 21 23  3600.0
2017 03 13 17 21 24  3600.0
2017 03 13 17 21 25  3600.0
2017 03 13 17 21 26  3600.0
2017 03 13 17 21 27  3600.0
2017 03 13 17 21 28  3600.0
2017 03 13 17 21 29  3600.0
2017 03 13 17 21 30  3600.0
2017 03 13 17 21 31  3600.0
2017 03 13 17 21 32  3600.0
2017 03 13 17 21 33  3600.0
2017 03 13 17 21 34  3600.0
2017 03 13 17 21 35  3600.0
2017 03 13 17 21 36  3600.0
2017 03 13 17 21 37  3600.0
2017 03 13 17 21 38  3600.0
2017 03 13 17 21 39  3600.0
2017 03 13 17 21 40  3600.0
2017 03 13 17 21 41  3600.0
2017 03 13 17 21 42  3600.0
2017 03 13 17 21 43  3600.0
2017 03 13 17 21 44  3600.0
2017 03 13 17 21 45  3600.0
2017 03 13 17 21 46  3600.0
2017 03 13 17 21 47  3600.0
2017 03 13 17 21 48  3600.0
2017 03 13 17 21 49  3600.0
2017 03 13 17 21 50  3600.0
2017 03 13 17 21 51  3600.0
2017 03 13 17 21 52  3600.0
2017 03 13 17 21 53  3600.0
2017 03 13 17 21 54  3600.0
2017 03 13 17 21 55  3600.0
2017 03 13 17 21 56  3600.0
2017 03 13 17 21 57  3600.0
2017 03 13 17 21 58  3600.0
2017 03 13 17 21 59  3600.0
2017 03 13 17 22 00  3600.0
2017 03 13 17 22 01  3600.0
2017 03 13 17 22 02  3600.0
2017 03 13 17 22 03  3600.0
2017 03 13 17 22 04  3600.0
2017 03 13 17 22 05  3600.0
2017 03 13 17 22 06  3600.0
2017 03 13 17 22 07  3600.0
2017 03 13 17 22 08  3600.0
2017 03 13 17 22 09  3600.0
2017 03 13 17 22 10  3600.0
2017 03 13 17 22 11  3600.0
2017 03 13 17 22 12  3600.0
2017 03 13 17 22 13  3600.0
2017 03 13 17 22 14  3600.0
2017 03 13 17 22 15  3600.0
2017 03 13 17 22 16  3600.0
2017 03 13 17 22 17  3600.0
2017 03 13 17 22 18  3600.0
2017 03 13 17 22 19  3600.0
2017 03 13 17 22 20  3600.0
2017 03 13 17 22 21  3600.0
2017 03 13 17 22 22  3600.0
2017 03 13 17 22 23  3600.0
2017 03 13 17 22 24  3600.0
2017 03 13 17 22 25  3600.0
2017 03 13 17 22 26  3600.0
2017 03 13 17 22 27  3600.0
2017 03 13 17 22 28  3600.0
2017 03 13 17 22 29  3600.0
2017 03 13 17 22 30  3600.0
2017 03 13 17 22 31  3600.0
2017 03 13 17 22 32  3600.0
2017 03 13 17 22 33  3600.0
2017 03 13 17 22 34  3600.0
2017 03 13 17 22 35  3600.0
2017 03 13 17 22 36  3600.0
2017 03 13 17 22 37  3600.0
2017 03 13 17 22 38  3600.0
2017 03 13 17 22 39  3600.0
2017 03 13 17 22 40  3600.0
2017 03 13 17 22 41  3600.0
2017 03 13 17 22 42  3600.0
2017 03 13 17 22 43  3600.0
2017 03 13 17 22 44  3600.0
2017 03 13 17 22 45  3600.0
2017 03 13 17 22 46  3600.0
2017 03 13 17 22 47  3600.0
2017 03 13 17 22 48  3600.0
2017 03 13 17 22 49  3600.0
2017 03 13 17 22 50  3600.0
2017 03 13 17 22 51  3600.0
2017 03 13 17 22 52  3600.0
2017 03 13 17 22 53  3600.0
2017 03 13 17 22 54  3600.0
2017 03 13 17 22 55  3600.0
2017 03 13 17 22 56  3600.0
2017 03 13 17 22 57  3600.0
2017 03 13 17 22 58  3600.0
2017 03 13 17 22 59  3600.0
2017 03 13 17 23 00  3600.0
2017 03 13 17 23 01  3600.0
2017 03 13 17 23 02  3600.0
2017 03 13 17 23 03  3600.0
2017 03 13 17 23 04  3600.0
2017 03 13 17 23 05  3600.0
2017 03 13 17 23 06  3600.0
2017 03 13 17 23 07  3600.0
2017 03 13 17 23 08  3600.0
2017 03 13 17 23 09  3600.0
2017 03 13 17 23 10  3600.0
2017 03 13 17 23 11  3600.0
2017 03 13 17 23 12  3600.0
2017 03 13 17 23 13  3600.0
2017 03 13 17 23 14  3600.0
2017 03 13 17 23 15  3600.0
2017 03 13 17 23 16  3600.0
2017 03 13 17 23 17  3600.0
2017 03 13 17 23 18  3600.0
2017 03 13 17 23 19  3600.0
2017 03 13 17 23 20  3600.0
2017 03 13 17 23 21  3600.0
2017 03 13 17 23 22  3600.0
2017 03 13 17 23 23  3600.0
2017 03 13 17 23 24  3600.0
2017 03 13 17 23 25  3600.0
2017 03 13 17 23 26  3600.0
2017 03 13 17 23 27  3600.0
2017 03 13 17 23 28  3600.0
2017 03 13 17 23 29  3600.0
2017 03 13 17 23 30  3600.0
2017 03 13 17 23 31  3600.0
2017 03 13 17 23 32  3600.0
2017 03 13 17 23 33  3600.0
2017 03 13 17 23 34  3600.0
2017 03 13 17 23 35  3600.0
2017 03 13 17 23 36  3600.0
2017 03 13 17 23 37  3600.0
2017 03 13 17 23 38  3600.0
2017 03 13 17 23 39  3600.0
2017 03 13 17 23 40  3600.0
2017 03 13 17 23 41  3600.0
2017 03 13 17 23 42  3600.0
2017 03 13 17 23 43  3600.0
2017 03 13 17 23 44  3600.0
2017 03 13 17 23 45  3600.0
2017 03 13 17 23 46  3600.0
2017 03 13 17 23 47  3600.0
2017 03 13 17 23 48  3600.0
2017 03 13 17 23 49  3600.0
2017 03 13 17 23 50  3600.0
2017 03 13 17 23 51  3600.0
2017 03 13 17 23 52  3600.0
2017 03 13 17 23 53  3600.0
2017 03 13 17 23 54  3600.0
2017 03 13 17 23 55  3600.0
2017 03 13 17 23 56  3600.0
2017 03 13 17 23 57  3600.0
2017 03 13 17 23 58  3600.0
2017 03 13 17 23 59  3600.0
2017 03 13 17 24 00  3600.0
2017 03 13 17 24 01  3600.0
2017 03 13 17 24 02  3600.0
2017 03 13 17 24 03  3600.0
2017 03 13 17 24 04  3600.0
2017 03 13 17 24 05  3600.0
2017 03 13 17 24 06  3600.0
2017 03 13 17 24 07  3600.0
2017 03 13 17 24 08  3600.0
2017 03 13 17 24 09  3600.0
2017 03 13 17 24 10  3600.0
2017 03 13 17 24 11  3600.0
2017 03 13 17 24 12  3600.0
2017 03 13 17 24 13  3600.0
2017 03 13 17 24 14  3600.0
2017 03 13 17 24 15  3600.0
2017 03 13 17 24 16  3600.0
2017 03 13 17 24 17  3600.0
2017 03 13 17 24 18  3600.0
2017 03 13 17 24 19  3600.0
2017 03 13 17 24 20  3600.0
2017 03 13 17 24 21  3600.0
2017 03 13 17 24 22  3600.0
2017 03 13 17 24 23  3600.0
2017 03 13 17 24 24  3600.0
2017 03 13 17 24 25  3600.0
2017 03 13 17 24 26  3600.0
2017 03 13 17 24 27  3600.0
2017 03 13 17 24 28  3600.0
2017 03 13 17 24 29  3600.0
2017 03 13 17 24 30  3600.0
2017 03 13 17 24 31  3600.0
2017 03 13 17 24 32  3600.0
2017 03 13 17 24 33  3600.0
2017 03 13 17 24 34  3600.0
2017 03 13 17 24 35  3600.0
2017 03 13 17 24 36  3600.0
2017 03 13 17 24 37  3600.0
2017 03 13 17 24 38  3600.0
2017 03 13 17 24 39  3600.0
2017 03 13 17 24 40  3600.0
2017 03 13 17 24 41  3600.0
2017 03 13 17 24 42  3600.0
2017 03 13 17 24 43  3600.0
2017 03 13 17 24 44  3600.0
2017 03 13 17 24 45  3600.0
2017 03 13 17 24 46  3600.0
2017 03 13 17 24 47  3600.0
2017 03 13 17 24 48  3600.0
2017 03 13 17 24 49  3600.0
2017 03 13 17 24 50  3600.0
2017 03 13 17 24 51  3600.0
2017 03 13 17 24 52  3600.0
2017 03 13 17 24 53  3600.0
2017 03 13 17 24 54  3600.0
2017 03 13 17 24 55  3600.0
2017 03 13 17 24 56  3600.0
2017 03 13 17 24 57  3600.0
2017 03 13 17 24 58  3600.0
2017 03 13 17 24 59  3600.0
2017 03 13 17 25 00  3600.0
2017 03 13 17 25 01  3600.0
2017 03 13 17 25 02  3600.0
2017 03 13 17 25 03  3600.0
2017 03 13 17 25 04  3600.0
2017 03 13 17 25 05  3600.0
2017 03 13 17 25 06  3600.0
2017 03 13 17 25 07  3600.0
2017 03 13 17 25 08  3600.0
2017 03 13 17 25 09  3600.0
2017 03 13 17 25 10  3600.0
2017 03 13 17 25 11  3600.0
2017 03 13 17 25 12  3600.0
2017 03 13 17 25 13  3600.0
2017 03 13 17 25 14  3600.0
2017 03 13 17 25 15  3600.0
2017 03 13 17 25 16  3600.0
2017 03 13 17 25 17  3600.0
2017 03 13 17 25 18  3600.0
2017 03 13 17 25 19  3600.0
2017 03 13 17 25 20  3600.0
2017 03 13 17 25 21  3600.0
2017 03 13 17 25 22  3600.0
2017 03 13 17 25 23  3600.0
2017 03 13 17 25 24  3600.0
2017 03 13 17 25 25  3600.0
2017 03 13 17 25 26  3600.0
2017 03 13 17 25 27  3600.0
2017 03 13 17 25 28  3600.0
2017 03 13 17 25 29  3600.0
2017 03 13 17 25 30  3600.0
2017 03 13 17 25 31  3600.0
2017 03 13 17 25 32  3600.0
2017 03 13 17 25 33  3600.0
2017 03 13 17 25 34  3600.0
2017 03 13 17 25 35  3600.0
2017 03 13 17 25 36  3600.0
2017 03 13 17 25 37  3600.0
2017 03 13 17 25 38  3600.0
2017 03 13 17 25 39  3600.0
2017 03 13 17 25 40  3600.0
2017 03 13 17 25 41  3600.0
2017 03 13 17 25 42  3600.0
2017 03 13 17 25 43  3600.0
2017 03 13 17 25 44  3600.0
2017 03 13 17 25 45  3600.0
2017 03 13 17 25 46  3600.0
2017 03 13 17 25 47  3600.0
2017 03 13 17 25 48  3600.0
2017 03 13 17 25 49  3600.0
2017 03 13 17 25 50  3600.0
2017 03 13 17 25 51  3600.0
2017 03 13 17 25 52  3600.0
2017 03 13 17 25 53  3600.0
2017 03 13 17 25 54  3600.0
2017 03 13 17 25 55  3600.0
2017 03 13 17 25 56  3600.0
2017 03 13 17 25 57  3600.0
2017 03 13 17 25 58  3600.0
2017 03 13 17 25 59  3600.0
2017 03 13 17 26 00  3600.0
2017 03 13 17 26 01  3600.0
2017 03 13 17 26 02  3600.0
2017 03 13 17 26 03  3600.0
2017 03 13 17 26 04  3600.0
2017 03 13 17 26 05  3600.0
2017 03 13 17 26 06  3600.0
2017 03 13 17 26 07  3600.0
2017 03 13 17 26 08  3600.0
2017 03 13 17 26 09  3600.0
2017 03 13 17 26 10  3600.0
2017 03 13 17 26 11  3600.0
2017 03 13 17 26 12  3600.0
2017 03 13 17 26 13  3600.0
2017 03 13 17 26 14  3600.0
2017 03 13 17 26 15  3600.0
2017 03 13 17 26 16  3600.0
2017 03 13 17 26 17  3600.0
2017 03 13 17 26 18  3600.0
2017 03 13 17 26 19  3600.0
2017 03 13 17 26 20  3600.0
2017 03 13 17 26 21  3600.0
2017 03 13 17 26 22  3600.0
2017 03 13 17 26 23  3600.0
2017 03 13 17 26 24  3600.0
2017 03 13 17 26 25  3600.0
2017 03 13 17 26 26  3600.0
2017 03 13 17 26 27  3600.0
2017 03 13 17 26 28  3600.0
2017 03 13 17 26 29  3600.0
2017 03 13 17 26 30  3600.0
2017 03 13 17 26 31  3600.0
2017 03 13 17 26 32  3600.0
2017 03 13 17 26 33  3600.0
2017 03 13 17 26 34  3600.0
2017 03 13 17 26 35  3600.0
2017 03 13 17 26 36  3600.0
2017 03 13 17 26 37  3600.0
2017 03 13 17 26 38  3600.0
2017 03 13 17 26 39  3600.0
2017 03 13 17 26 40  3600.0
2017 03 13 17 26 41  3600.0
2017 03 13 17 26 42  3600.0
2017 03 13 17 26 43  3600.0
2017 03 13 17 26 44  3600.0
2017 03 13 17 26 45  3600.0
2017 03 13 17 26 46  3600.0
2017 03 13 17 26 47  3600.0
2017 03 13 17 26 48  3600.0
2017 03 13 17 26 49  3600.0
2017 03 13 17 26 50  3600.0
2017 03 13 17 26 51  3600.0
2017 03 13 17 26 52  3600.0
2017 03 13 17 26 53  3600.0
2017 03 13 17 26 54  3600.0
2017 03 13 17 26 55  3600.0
2017 03 13 17 26 56  3600.0
2017 03 13 17 26 57  3600.0
2017 03 13 17 26 58  3600.0
2017 03 13 17 26 59  3600.0
2017 03 13 17 27 00  3600.0
2017 03 13 17 27 01  3600.0
2017 03 13 17 27 02  3600.0
2017 03 13 17 27 03  3600.0
2017 03 13 17 27 04  3600.0
2017 03 13 17 27 05  3600.0
2017 03 13 17 27 06  3600.0
2017 03 13 17 27 07  3600.0
2017 03 13 17 27 08  3600.0
2017 03 13 17 27 09  3600.0
2017 03 13 17 27 10  3600.0
2017 03 13 17 27 11  3600.0
2017 03 13 17 27 12  3600.0
2017 03 13 17 27 13  3600.0
2017 03 13 17 27 14  3600.0
2017 03 13 17 27 15  3600.0
2017 03 13 17 27 16  3600.0
2017 03 13 17 27 17  3600.0
2017 03 13 17 27 18  3600.0
2017 03 13 17 27 19  3600.0
2017 03 13 17 27 20  3600.0
2017 03 13 17 27 21  3600.0
2017 03 13 17 27 22  3600.0
2017 03 13 17 27 23  3600.0
2017 03 13 17 27 24  3600.0
2017 03 13 17 27 25  3600.0
2017 03 13 17 27 26  3600.0
2017 03 13 17 27 27  3600.0
2017 03 13 17 27 28  3600.0
2017 03 13 17 27 29  3600.0
2017 03 13 17 27 30  3600.0
2017 03 13 17 27 31  3600.0
2017 03 13 17 27 32  3600.0
2017 03 13 17 27 33  3600.0
2017 03 13 17 27 34  3600.0
2017 03 13 17 27 35  3600.0
2017 03 13 17 27 36  3600.0
2017 03 13 17 27 37  3600.0
2017 03 13 17 27 38  3600.0
2017 03 13 17 27 39  3600.0
2017 03 13 17 27 40  3600.0
2017 03 13 17 27 41  3600.0
2017 03 13 17 27 42  3600.0
2017 03 13 17 27 43  3600.0
2017 03 13 17 27 44  3600.0
2017 03 13 17 27 45  3600.0
2017 03 13 17 27 46  3600.0
2017 03 13 17 27 47  3600.0
2017 03 13 17 27 48  3600.0
2017 03 13 17 27 49  3600.0
2017 03 13 17 27 50  3600.0
2017 03 13 17 27 51  3600.0
2017 03 13 17 27 52  3600.0
2017 03 13 17 27 53  3600.0
2017 03 13 17 27 54  3600.0
2017 03 13 17 27 55  3600.0
2017 03 13 17 27 56  3600.0
2017 03 13 17 27 57  3600.0
2017 03 13 17 27 58  3600.0
2017 03 13 17 27 59  3600.0
2017 03 13 17 28 00  3600.0
2017 03 13 17 28 01  3600.0
2017 03 13 17 28 02  3600.0
2017 03 13 17 28 03  3600.0
2017 03 13 17 28 04  3600.0
2017 03 13 17 28 05  3600.0
2017 03 13 17 28 06  3600.0
2017 03 13 17 28 07  3600.0
2017 03 13 17 28 08  3600.0
2017 03 13 17 28 09  3600.0
2017 03 13 17 28 10  3600.0
2017 03 13 17 28 11  3600.0
2017 03 13 17 28 12  3600.0
2017 03 13 17 28 13  3600.0
2017 03 13 17 28 14  3600.0
2017 03 13 17 28 15  3600.0
2017 03 13 17 28 16  3600.0
2017 03 13 17 28 17  3600.0
2017 03 13 17 28 18  3600.0
2017 03 13 17 28 19  3600.0
2017 03 13 17 28 20  3600.0
2017 03 13 17 28 21  3600.0
2017 03 13 17 28 22  3600.0
2017 03 13 17 28 23  3600.0
2017 03 13 17 28 24  3600.0
2017 03 13 17 28 25  3600.0
2017 03 13 17 28 26  3600.0
2017 03 13 17 28 27  3600.0
2017 03 13 17 28 28  3600.0
2017 03 13 17 28 29  3600.0
2017 03 13 17 28 30  3600.0
2017 03 13 17 28 31  3600.0
2017 03 13 17 28 32  3600.0
2017 03 13 17 28 33  3600.0
2017 03 13 17 28 34  3600.0
2017 03 13 17 28 35  3600.0
2017 03 13 17 28 36  3600.0
2017 03 13 17 28 37  3600.0
