2017 03 13 15 58 34  772.0
2017 03 13 15 58 35  773.0
2017 03 13 15 58 36  771.0
2017 03 13 15 58 37  771.0
2017 03 13 15 58 38  771.0
2017 03 13 15 58 39  772.0
2017 03 13 15 58 40  772.0
2017 03 13 15 58 41  772.0
2017 03 13 15 58 42  772.0
2017 03 13 15 58 43  772.0
2017 03 13 15 58 44  772.0
2017 03 13 15 58 45  772.0
2017 03 13 15 58 46  771.0
2017 03 13 15 58 47  773.0
2017 03 13 15 58 48  771.0
2017 03 13 15 58 49  772.0
2017 03 13 15 58 50  771.0
2017 03 13 15 58 51  771.0
2017 03 13 15 58 52  772.0
2017 03 13 15 58 53  771.0
2017 03 13 15 58 54  772.0
2017 03 13 15 58 55  772.0
2017 03 13 15 58 56  777.0
2017 03 13 15 58 57  781.0
2017 03 13 15 58 58  773.0
2017 03 13 15 58 59  772.0
2017 03 13 15 59 00  771.0
2017 03 13 15 59 01  771.0
2017 03 13 15 59 02  771.0
2017 03 13 15 59 03  771.0
2017 03 13 15 59 04  771.0
2017 03 13 15 59 05  773.0
2017 03 13 15 59 06  771.0
2017 03 13 15 59 07  772.0
2017 03 13 15 59 08  771.0
2017 03 13 15 59 09  771.0
2017 03 13 15 59 10  773.0
2017 03 13 15 59 11  773.0
2017 03 13 15 59 12  774.0
2017 03 13 15 59 13  773.0
2017 03 13 16 37 40  772.0
2017 03 13 16 37 41  772.0
2017 03 13 16 37 42  772.0
2017 03 13 16 37 43  770.0
2017 03 13 16 37 44  770.0
2017 03 13 16 37 45  771.0
2017 03 13 16 37 46  770.0
2017 03 13 16 37 47  771.0
2017 03 13 16 37 48  772.0
2017 03 13 16 37 49  770.0
2017 03 13 16 37 50  771.0
2017 03 13 16 37 51  770.0
2017 03 13 16 37 52  771.0
2017 03 13 16 37 53  772.0
2017 03 13 16 37 54  770.0
2017 03 13 16 37 55  770.0
2017 03 13 16 37 56  770.0
2017 03 13 16 37 57  770.0
2017 03 13 16 37 58  770.0
2017 03 13 16 37 59  770.0
2017 03 13 16 38 00  769.0
2017 03 13 16 38 01  769.0
2017 03 13 16 38 02  769.0
2017 03 13 16 38 03  771.0
2017 03 13 16 38 04  770.0
2017 03 13 16 38 05  771.0
2017 03 13 16 38 06  773.0
2017 03 13 16 38 07  770.0
2017 03 13 16 38 08  770.0
2017 03 13 16 38 09  770.0
2017 03 13 16 38 10  769.0
2017 03 13 16 38 11  769.0
2017 03 13 16 38 12  769.0
2017 03 13 16 38 13  769.0
2017 03 13 16 38 14  770.0
2017 03 13 16 38 15  770.0
2017 03 13 16 38 16  770.0
2017 03 13 16 38 17  772.0
2017 03 13 16 38 18  770.0
2017 03 13 16 38 19  770.0
2017 03 13 16 38 20  769.0
2017 03 13 16 38 21  770.0
2017 03 13 16 38 22  769.0
2017 03 13 16 38 23  769.0
2017 03 13 16 38 24  770.0
2017 03 13 16 38 25  797.0
2017 03 13 16 38 26  789.0
2017 03 13 16 38 27  824.0
2017 03 13 16 38 28  780.0
2017 03 13 16 38 29  801.0
2017 03 13 16 38 30  771.0
2017 03 13 16 38 31  770.0
2017 03 13 16 38 32  770.0
2017 03 13 16 38 33  793.0
2017 03 13 16 38 34  784.0
2017 03 13 16 38 35  776.0
2017 03 13 16 38 36  784.0
2017 03 13 16 38 37  772.0
2017 03 13 16 38 38  800.0
2017 03 13 16 38 39  775.0
2017 03 13 16 38 40  780.0
2017 03 13 16 38 41  789.0
2017 03 13 16 38 42  786.0
2017 03 13 16 38 43  801.0
2017 03 13 16 38 44  782.0
2017 03 13 16 38 45  799.0
2017 03 13 16 38 46  782.0
2017 03 13 16 38 47  772.0
2017 03 13 16 38 48  783.0
2017 03 13 16 38 49  773.0
2017 03 13 16 38 50  773.0
2017 03 13 16 38 51  783.0
2017 03 13 16 38 52  782.0
2017 03 13 16 38 53  776.0
2017 03 13 16 38 54  771.0
2017 03 13 16 38 55  772.0
2017 03 13 16 38 56  781.0
2017 03 13 16 38 57  806.0
2017 03 13 16 38 58  797.0
2017 03 13 16 38 59  845.0
2017 03 13 16 39 00  838.0
2017 03 13 16 39 01  814.0
2017 03 13 16 39 02  816.0
2017 03 13 16 39 03  796.0
2017 03 13 16 39 04  772.0
2017 03 13 16 39 05  770.0
2017 03 13 16 39 06  769.0
2017 03 13 16 39 07  771.0
2017 03 13 16 39 08  770.0
2017 03 13 16 39 09  769.0
2017 03 13 16 39 10  769.0
2017 03 13 16 39 11  786.0
2017 03 13 16 39 12  776.0
2017 03 13 16 39 13  789.0
2017 03 13 16 39 14  787.0
2017 03 13 16 39 15  784.0
2017 03 13 16 39 16  790.0
2017 03 13 16 39 17  802.0
2017 03 13 16 39 18  773.0
2017 03 13 16 39 19  778.0
2017 03 13 16 39 20  782.0
2017 03 13 16 39 21  781.0
2017 03 13 16 39 22  777.0
2017 03 13 16 39 23  774.0
2017 03 13 16 39 24  773.0
2017 03 13 16 39 25  777.0
2017 03 13 16 39 26  786.0
2017 03 13 16 39 27  792.0
2017 03 13 16 39 28  777.0
2017 03 13 16 39 29  772.0
2017 03 13 16 39 30  796.0
2017 03 13 16 39 31  799.0
2017 03 13 16 39 32  788.0
2017 03 13 16 39 33  783.0
2017 03 13 16 39 34  780.0
2017 03 13 16 39 35  785.0
2017 03 13 16 39 36  795.0
2017 03 13 16 39 37  786.0
2017 03 13 16 39 38  780.0
2017 03 13 16 39 39  789.0
2017 03 13 16 39 40  796.0
2017 03 13 16 39 41  773.0
2017 03 13 16 39 42  770.0
2017 03 13 16 39 43  771.0
2017 03 13 16 39 44  772.0
2017 03 13 16 39 45  771.0
2017 03 13 16 39 46  772.0
2017 03 13 16 39 47  771.0
2017 03 13 16 39 48  770.0
2017 03 13 16 39 49  770.0
2017 03 13 16 39 50  769.0
2017 03 13 16 39 51  769.0
2017 03 13 16 39 52  768.0
2017 03 13 16 39 53  768.0
2017 03 13 16 39 54  769.0
2017 03 13 16 39 55  770.0
2017 03 13 16 39 56  771.0
2017 03 13 16 39 57  772.0
2017 03 13 16 39 58  771.0
2017 03 13 16 39 59  770.0
2017 03 13 16 40 00  770.0
2017 03 13 16 40 01  770.0
2017 03 13 16 40 02  770.0
2017 03 13 16 40 03  769.0
2017 03 13 16 40 04  770.0
2017 03 13 16 40 05  770.0
2017 03 13 16 40 06  770.0
2017 03 13 16 40 07  769.0
2017 03 13 16 40 08  769.0
2017 03 13 16 40 09  770.0
2017 03 13 16 40 10  769.0
2017 03 13 16 40 11  768.0
2017 03 13 16 40 12  770.0
2017 03 13 16 40 13  769.0
2017 03 13 16 40 14  770.0
2017 03 13 16 40 15  770.0
2017 03 13 16 40 17  769.0
2017 03 13 16 40 18  770.0
2017 03 13 16 40 18  770.0
2017 03 13 16 40 19  769.0
2017 03 13 16 40 21  770.0
2017 03 13 16 40 22  770.0
2017 03 13 16 40 23  769.0
2017 03 13 16 40 24  769.0
2017 03 13 16 40 25  769.0
2017 03 13 16 40 26  768.0
2017 03 13 16 40 27  769.0
2017 03 13 16 40 28  769.0
2017 03 13 16 40 29  769.0
2017 03 13 16 40 30  769.0
2017 03 13 16 40 31  769.0
2017 03 13 16 40 32  769.0
2017 03 13 16 40 33  770.0
2017 03 13 16 40 34  771.0
2017 03 13 16 40 35  770.0
2017 03 13 16 40 36  770.0
2017 03 13 16 40 37  770.0
2017 03 13 16 40 38  769.0
2017 03 13 16 40 39  770.0
2017 03 13 16 40 40  779.0
2017 03 13 16 40 41  780.0
2017 03 13 16 40 42  811.0
2017 03 13 16 40 43  810.0
2017 03 13 16 40 44  781.0
2017 03 13 16 40 45  1017.0
2017 03 13 16 40 46  1025.0
2017 03 13 16 40 47  1027.0
2017 03 13 16 40 48  1027.0
2017 03 13 16 40 49  1028.0
2017 03 13 16 40 50  1027.0
2017 03 13 16 40 51  1026.0
2017 03 13 16 40 52  1028.0
2017 03 13 16 40 53  1037.0
2017 03 13 16 40 54  1040.0
2017 03 13 16 40 55  1034.0
2017 03 13 16 40 56  1033.0
2017 03 13 16 40 57  1034.0
2017 03 13 16 40 58  1041.0
2017 03 13 16 40 59  1039.0
2017 03 13 16 41 00  1040.0
2017 03 13 16 41 01  1048.0
2017 03 13 16 41 02  1040.0
2017 03 13 16 41 03  1039.0
2017 03 13 16 41 04  1037.0
2017 03 13 16 41 05  1035.0
2017 03 13 16 41 06  1032.0
2017 03 13 16 41 07  1043.0
2017 03 13 16 41 08  1040.0
2017 03 13 16 41 09  1033.0
2017 03 13 16 41 10  1036.0
2017 03 13 16 41 11  1047.0
2017 03 13 16 41 12  1034.0
2017 03 13 16 41 13  1036.0
2017 03 13 16 41 14  1028.0
2017 03 13 16 41 15  1027.0
2017 03 13 16 41 16  1032.0
2017 03 13 16 41 17  1028.0
2017 03 13 16 41 18  1026.0
2017 03 13 16 41 19  1028.0
2017 03 13 16 41 20  1028.0
2017 03 13 16 41 21  1027.0
2017 03 13 16 41 22  1027.0
2017 03 13 16 41 23  1025.0
2017 03 13 16 41 24  1026.0
2017 03 13 16 41 25  1027.0
2017 03 13 16 41 26  1027.0
2017 03 13 16 41 27  1027.0
2017 03 13 16 41 28  1027.0
2017 03 13 16 41 29  1027.0
2017 03 13 16 41 30  1027.0
2017 03 13 16 41 31  1026.0
2017 03 13 16 41 32  1027.0
2017 03 13 16 41 33  1026.0
2017 03 13 16 41 34  1025.0
2017 03 13 16 41 35  1025.0
2017 03 13 16 41 36  1026.0
2017 03 13 16 41 37  1026.0
2017 03 13 16 41 38  1026.0
2017 03 13 16 41 39  1027.0
2017 03 13 16 41 40  1029.0
2017 03 13 16 41 41  1026.0
2017 03 13 16 41 42  1027.0
2017 03 13 16 41 43  1029.0
2017 03 13 16 41 44  1026.0
2017 03 13 16 41 45  1024.0
2017 03 13 16 41 46  1026.0
2017 03 13 16 41 47  1025.0
2017 03 13 16 41 48  1024.0
2017 03 13 16 41 49  1026.0
2017 03 13 16 41 50  1026.0
2017 03 13 16 41 51  1024.0
2017 03 13 16 41 52  1025.0
2017 03 13 16 41 53  1024.0
2017 03 13 16 41 54  1024.0
2017 03 13 16 41 55  1025.0
2017 03 13 16 41 56  1026.0
2017 03 13 16 41 57  1025.0
2017 03 13 16 41 58  1025.0
2017 03 13 16 41 59  1026.0
2017 03 13 16 42 00  1028.0
2017 03 13 16 42 01  1027.0
2017 03 13 16 42 02  1026.0
2017 03 13 16 42 03  1027.0
2017 03 13 16 42 04  1027.0
2017 03 13 16 42 05  1027.0
2017 03 13 16 42 06  1027.0
2017 03 13 16 42 07  1025.0
2017 03 13 16 42 08  1026.0
2017 03 13 16 42 09  1023.0
2017 03 13 16 42 10  1026.0
2017 03 13 16 42 11  1026.0
2017 03 13 16 42 12  1027.0
2017 03 13 16 42 13  1027.0
2017 03 13 16 42 14  1028.0
2017 03 13 16 42 15  1025.0
2017 03 13 16 42 16  1025.0
2017 03 13 16 42 17  1026.0
2017 03 13 16 42 18  1027.0
2017 03 13 16 42 19  1027.0
2017 03 13 16 42 20  1026.0
2017 03 13 16 42 21  1027.0
2017 03 13 16 42 22  1028.0
2017 03 13 16 42 23  1026.0
2017 03 13 16 42 24  1025.0
2017 03 13 16 42 25  1036.0
2017 03 13 16 42 26  1030.0
2017 03 13 16 42 27  1025.0
2017 03 13 16 42 28  1026.0
2017 03 13 16 42 29  1024.0
2017 03 13 16 42 30  1026.0
2017 03 13 16 42 31  1025.0
2017 03 13 16 42 32  1026.0
2017 03 13 16 42 33  1025.0
2017 03 13 16 42 34  1026.0
2017 03 13 16 42 35  1025.0
2017 03 13 16 42 36  1026.0
2017 03 13 16 42 37  1025.0
2017 03 13 16 42 38  1026.0
2017 03 13 16 42 39  1027.0
2017 03 13 16 42 40  1026.0
2017 03 13 16 42 41  1025.0
2017 03 13 16 42 42  1026.0
2017 03 13 16 42 43  1026.0
2017 03 13 16 42 44  1025.0
2017 03 13 16 42 45  1024.0
2017 03 13 16 42 46  1024.0
2017 03 13 16 42 47  1024.0
2017 03 13 16 42 48  1025.0
2017 03 13 16 42 49  1026.0
2017 03 13 16 42 50  1026.0
2017 03 13 16 42 51  1026.0
2017 03 13 16 42 52  1026.0
2017 03 13 16 42 53  1027.0
2017 03 13 16 42 54  1028.0
2017 03 13 16 42 55  1027.0
2017 03 13 16 42 56  1027.0
2017 03 13 16 42 57  1026.0
2017 03 13 16 42 58  1027.0
2017 03 13 16 42 59  1026.0
2017 03 13 16 43 00  1026.0
2017 03 13 16 43 01  1026.0
2017 03 13 16 43 02  1027.0
2017 03 13 16 43 03  1026.0
2017 03 13 16 43 04  1029.0
2017 03 13 16 43 05  1024.0
2017 03 13 16 43 06  1025.0
2017 03 13 16 43 07  1027.0
2017 03 13 16 43 08  1025.0
2017 03 13 16 43 09  1025.0
2017 03 13 16 43 10  1025.0
2017 03 13 16 43 11  1024.0
2017 03 13 16 43 12  1025.0
2017 03 13 16 43 13  1026.0
2017 03 13 16 43 14  1027.0
2017 03 13 16 43 15  1025.0
2017 03 13 16 43 16  1026.0
2017 03 13 16 43 17  1025.0
2017 03 13 16 43 18  1025.0
2017 03 13 16 43 19  1025.0
2017 03 13 16 43 20  1026.0
2017 03 13 16 43 21  1026.0
2017 03 13 16 43 22  1025.0
2017 03 13 16 43 23  1025.0
2017 03 13 16 43 24  1027.0
2017 03 13 16 43 25  1025.0
2017 03 13 16 43 26  1025.0
2017 03 13 16 43 27  1025.0
2017 03 13 16 43 28  1025.0
2017 03 13 16 43 29  1026.0
2017 03 13 16 43 30  1024.0
2017 03 13 16 43 31  1025.0
2017 03 13 16 43 32  1024.0
2017 03 13 16 43 33  1025.0
2017 03 13 16 43 34  1025.0
2017 03 13 16 43 35  1027.0
2017 03 13 16 43 36  1027.0
2017 03 13 16 43 37  1026.0
2017 03 13 16 43 38  1026.0
2017 03 13 16 43 39  1024.0
2017 03 13 16 43 40  1023.0
2017 03 13 16 43 41  1024.0
2017 03 13 16 43 42  1026.0
2017 03 13 16 43 43  1026.0
2017 03 13 16 43 44  1025.0
2017 03 13 16 43 45  1025.0
2017 03 13 16 43 46  1027.0
2017 03 13 16 43 47  1023.0
2017 03 13 16 43 48  1031.0
2017 03 13 16 43 49  1036.0
2017 03 13 16 43 50  1027.0
2017 03 13 16 43 51  1025.0
2017 03 13 16 43 52  1026.0
2017 03 13 16 43 53  1026.0
2017 03 13 16 43 54  1025.0
2017 03 13 16 43 55  1025.0
2017 03 13 16 43 56  1026.0
2017 03 13 16 43 57  1025.0
2017 03 13 16 43 58  1025.0
2017 03 13 16 43 59  1024.0
2017 03 13 16 44 00  1025.0
2017 03 13 16 44 01  1023.0
2017 03 13 16 44 02  1025.0
2017 03 13 16 44 03  1027.0
2017 03 13 16 44 04  1024.0
2017 03 13 16 44 05  1024.0
2017 03 13 16 44 06  1025.0
2017 03 13 16 44 07  1025.0
2017 03 13 16 44 08  1025.0
2017 03 13 16 44 09  1024.0
2017 03 13 16 44 10  1024.0
2017 03 13 16 44 11  1024.0
2017 03 13 16 44 12  1026.0
2017 03 13 16 44 13  1025.0
2017 03 13 16 44 14  1025.0
2017 03 13 16 44 15  1026.0
2017 03 13 16 44 16  1027.0
2017 03 13 16 44 17  1026.0
2017 03 13 16 44 18  1027.0
2017 03 13 16 44 19  1028.0
2017 03 13 16 44 20  1026.0
2017 03 13 16 44 21  1025.0
2017 03 13 16 44 22  1024.0
2017 03 13 16 44 23  1024.0
2017 03 13 16 44 24  1024.0
2017 03 13 16 44 25  1024.0
2017 03 13 16 44 26  1024.0
2017 03 13 16 44 27  1026.0
2017 03 13 16 44 28  1026.0
2017 03 13 16 44 29  1023.0
2017 03 13 16 44 30  1026.0
2017 03 13 16 44 31  1025.0
2017 03 13 16 44 32  1026.0
2017 03 13 16 44 33  1025.0
2017 03 13 16 44 34  1024.0
2017 03 13 16 44 35  1024.0
2017 03 13 16 44 36  1026.0
2017 03 13 16 44 37  1025.0
2017 03 13 16 44 38  1025.0
2017 03 13 16 44 39  1025.0
2017 03 13 16 44 40  1025.0
2017 03 13 16 44 41  1023.0
2017 03 13 16 44 42  1024.0
2017 03 13 16 44 43  1025.0
2017 03 13 16 44 44  1024.0
2017 03 13 16 44 45  1023.0
2017 03 13 16 44 46  1024.0
2017 03 13 16 44 47  1025.0
2017 03 13 16 44 48  1026.0
2017 03 13 16 44 49  1024.0
2017 03 13 16 44 50  1025.0
2017 03 13 16 44 51  1025.0
2017 03 13 16 44 52  1025.0
2017 03 13 16 44 53  1025.0
2017 03 13 16 44 54  1026.0
2017 03 13 16 44 55  1025.0
2017 03 13 16 44 56  1023.0
2017 03 13 16 44 57  1024.0
2017 03 13 16 44 58  1025.0
2017 03 13 16 44 59  1025.0
2017 03 13 16 45 00  1026.0
2017 03 13 16 45 01  1025.0
2017 03 13 16 45 02  1023.0
2017 03 13 16 45 03  1021.0
2017 03 13 16 45 04  1024.0
2017 03 13 16 45 05  1024.0
2017 03 13 16 45 06  1026.0
2017 03 13 16 45 07  1025.0
2017 03 13 16 45 08  1025.0
2017 03 13 16 45 09  1026.0
2017 03 13 16 45 10  1025.0
2017 03 13 16 45 11  1024.0
2017 03 13 16 45 12  1028.0
2017 03 13 16 45 13  1033.0
2017 03 13 16 45 14  1025.0
2017 03 13 16 45 15  1024.0
2017 03 13 16 45 16  1026.0
2017 03 13 16 45 17  1025.0
2017 03 13 16 45 18  1024.0
2017 03 13 16 45 19  1023.0
2017 03 13 16 45 20  1024.0
2017 03 13 16 45 21  1023.0
2017 03 13 16 45 22  1023.0
2017 03 13 16 45 23  1023.0
2017 03 13 16 45 24  1024.0
2017 03 13 16 45 25  1024.0
2017 03 13 16 45 26  1027.0
2017 03 13 16 45 27  1025.0
2017 03 13 16 45 28  1025.0
2017 03 13 16 45 29  1024.0
2017 03 13 16 45 30  1026.0
2017 03 13 16 45 31  1025.0
2017 03 13 16 45 32  1024.0
2017 03 13 16 45 33  1023.0
2017 03 13 16 45 34  1023.0
2017 03 13 16 45 35  1025.0
2017 03 13 16 45 36  1025.0
2017 03 13 16 45 37  1025.0
2017 03 13 16 45 38  1026.0
2017 03 13 16 45 39  1025.0
2017 03 13 16 45 40  1026.0
2017 03 13 16 45 41  1026.0
2017 03 13 16 45 42  1025.0
2017 03 13 16 45 43  1025.0
2017 03 13 16 45 44  1023.0
2017 03 13 16 45 45  1024.0
2017 03 13 16 45 46  1024.0
2017 03 13 16 45 47  1025.0
2017 03 13 16 45 48  1025.0
2017 03 13 16 45 49  1026.0
2017 03 13 16 45 50  1025.0
2017 03 13 16 45 51  1026.0
2017 03 13 16 45 52  1025.0
2017 03 13 16 45 53  1025.0
2017 03 13 16 45 54  1026.0
2017 03 13 16 45 55  1023.0
2017 03 13 16 45 56  1025.0
2017 03 13 16 45 57  1025.0
2017 03 13 16 45 58  1023.0
2017 03 13 16 45 59  1022.0
2017 03 13 16 46 00  1023.0
2017 03 13 16 46 01  1023.0
2017 03 13 16 46 02  1023.0
2017 03 13 16 46 03  1023.0
2017 03 13 16 46 04  1021.0
2017 03 13 16 46 05  1023.0
2017 03 13 16 46 06  1023.0
2017 03 13 16 46 07  1023.0
2017 03 13 16 46 08  1023.0
2017 03 13 16 46 09  1024.0
2017 03 13 16 46 10  1024.0
2017 03 13 16 46 11  1025.0
2017 03 13 16 46 12  1024.0
2017 03 13 16 46 13  1023.0
2017 03 13 16 46 14  1024.0
2017 03 13 16 46 15  1025.0
2017 03 13 16 46 16  1024.0
2017 03 13 16 46 17  1024.0
2017 03 13 16 46 18  1024.0
2017 03 13 16 46 19  1022.0
2017 03 13 16 46 20  1021.0
2017 03 13 16 46 21  1024.0
2017 03 13 16 46 22  1024.0
2017 03 13 16 46 23  1023.0
2017 03 13 16 46 24  1025.0
2017 03 13 16 46 25  1024.0
2017 03 13 16 46 26  1021.0
2017 03 13 16 46 27  1023.0
2017 03 13 16 46 28  1025.0
2017 03 13 16 46 29  1025.0
2017 03 13 16 46 30  1024.0
2017 03 13 16 46 31  1026.0
2017 03 13 16 46 32  1025.0
2017 03 13 16 46 33  1027.0
2017 03 13 16 46 34  1024.0
2017 03 13 16 46 35  1023.0
2017 03 13 16 46 36  1033.0
2017 03 13 16 46 37  1028.0
2017 03 13 16 46 38  1023.0
2017 03 13 16 46 39  1024.0
2017 03 13 16 46 40  1022.0
2017 03 13 16 46 41  1023.0
2017 03 13 16 46 42  1023.0
2017 03 13 16 46 43  1024.0
2017 03 13 16 46 44  1023.0
2017 03 13 16 46 45  1022.0
2017 03 13 16 46 46  1022.0
2017 03 13 16 46 47  1024.0
2017 03 13 16 46 48  1024.0
2017 03 13 16 46 49  1026.0
2017 03 13 16 46 50  1025.0
2017 03 13 16 46 51  1024.0
2017 03 13 16 46 52  1023.0
2017 03 13 16 46 53  1024.0
2017 03 13 16 46 54  1024.0
2017 03 13 16 46 55  1023.0
2017 03 13 16 46 56  1023.0
2017 03 13 16 46 57  1022.0
2017 03 13 16 46 58  1023.0
2017 03 13 16 46 59  1025.0
2017 03 13 16 47 00  1023.0
2017 03 13 16 47 01  1024.0
2017 03 13 16 47 02  1023.0
2017 03 13 16 47 03  1024.0
2017 03 13 16 47 04  1024.0
2017 03 13 16 47 05  1024.0
2017 03 13 16 47 06  1023.0
2017 03 13 16 47 07  1024.0
2017 03 13 16 47 08  1022.0
2017 03 13 16 47 09  1023.0
2017 03 13 16 47 10  1023.0
2017 03 13 16 47 11  1024.0
2017 03 13 16 47 12  1025.0
2017 03 13 16 47 13  1025.0
2017 03 13 16 47 14  1024.0
2017 03 13 16 47 15  1026.0
2017 03 13 16 47 16  1023.0
2017 03 13 16 47 17  1023.0
2017 03 13 16 47 18  1023.0
2017 03 13 16 47 19  1024.0
2017 03 13 16 47 20  1024.0
2017 03 13 16 47 21  1023.0
2017 03 13 16 47 22  1021.0
2017 03 13 16 47 23  1023.0
2017 03 13 16 47 24  1022.0
2017 03 13 16 47 25  1022.0
2017 03 13 16 47 26  1022.0
2017 03 13 16 47 27  1022.0
2017 03 13 16 47 28  1021.0
2017 03 13 16 47 29  1022.0
2017 03 13 16 47 30  1023.0
2017 03 13 16 47 31  1024.0
2017 03 13 16 47 32  1024.0
2017 03 13 16 47 33  1024.0
2017 03 13 16 47 34  1024.0
2017 03 13 16 47 35  1025.0
2017 03 13 16 47 36  1021.0
2017 03 13 16 47 37  1021.0
2017 03 13 16 47 38  1023.0
2017 03 13 16 47 39  1023.0
2017 03 13 16 47 40  1021.0
2017 03 13 16 47 41  1025.0
2017 03 13 16 47 42  1022.0
2017 03 13 16 47 43  1021.0
2017 03 13 16 47 44  1022.0
2017 03 13 16 47 45  1024.0
2017 03 13 16 47 46  1024.0
2017 03 13 16 47 47  1025.0
2017 03 13 16 47 48  1024.0
2017 03 13 16 47 49  1023.0
2017 03 13 16 47 50  1022.0
2017 03 13 16 47 51  1024.0
2017 03 13 16 47 52  1023.0
2017 03 13 16 47 53  1024.0
2017 03 13 16 47 54  1024.0
2017 03 13 16 47 55  1025.0
2017 03 13 16 47 56  1024.0
2017 03 13 16 47 57  1023.0
2017 03 13 16 47 58  1021.0
2017 03 13 16 47 59  1023.0
2017 03 13 16 48 00  1024.0
2017 03 13 16 48 01  1023.0
2017 03 13 16 48 02  1023.0
2017 03 13 16 48 03  1032.0
2017 03 13 16 48 04  1025.0
2017 03 13 16 48 05  1023.0
2017 03 13 16 48 06  1022.0
2017 03 13 16 48 07  1024.0
2017 03 13 16 48 08  1022.0
2017 03 13 16 48 09  1023.0
2017 03 13 16 48 10  1023.0
2017 03 13 16 48 11  1024.0
2017 03 13 16 48 12  1026.0
2017 03 13 16 48 13  1027.0
2017 03 13 16 48 14  1023.0
2017 03 13 16 48 15  1023.0
2017 03 13 16 48 16  1023.0
2017 03 13 16 48 17  1024.0
2017 03 13 16 48 18  1023.0
2017 03 13 16 48 19  1023.0
2017 03 13 16 48 20  1021.0
2017 03 13 16 48 21  1022.0
2017 03 13 16 48 22  1022.0
2017 03 13 16 48 23  1021.0
2017 03 13 16 48 24  1021.0
2017 03 13 16 48 25  1021.0
2017 03 13 16 48 26  1022.0
2017 03 13 16 48 27  1024.0
2017 03 13 16 48 28  1022.0
2017 03 13 16 48 29  1024.0
2017 03 13 16 48 30  1023.0
2017 03 13 16 48 31  1023.0
2017 03 13 16 48 32  1021.0
2017 03 13 16 48 33  1023.0
2017 03 13 16 48 34  1023.0
2017 03 13 16 48 35  1024.0
2017 03 13 16 48 36  1024.0
2017 03 13 16 48 37  1025.0
2017 03 13 16 48 38  1024.0
2017 03 13 16 48 39  1024.0
2017 03 13 16 48 40  1022.0
2017 03 13 16 48 41  1023.0
2017 03 13 16 48 42  1024.0
2017 03 13 16 48 43  1021.0
2017 03 13 16 48 44  1021.0
2017 03 13 16 48 45  1024.0
2017 03 13 16 48 46  1020.0
2017 03 13 16 48 47  1023.0
2017 03 13 16 48 48  1022.0
2017 03 13 16 48 49  1023.0
2017 03 13 16 48 50  1023.0
2017 03 13 16 48 51  1022.0
2017 03 13 16 48 52  1021.0
2017 03 13 16 48 53  1023.0
2017 03 13 16 48 54  1023.0
2017 03 13 16 48 55  1023.0
2017 03 13 16 48 56  1023.0
2017 03 13 16 48 57  1024.0
2017 03 13 16 48 58  1024.0
2017 03 13 16 48 59  1024.0
2017 03 13 16 49 00  1023.0
2017 03 13 16 49 01  1024.0
2017 03 13 16 49 02  1024.0
2017 03 13 16 49 03  1021.0
2017 03 13 16 49 04  1023.0
2017 03 13 16 49 05  1021.0
2017 03 13 16 49 06  1020.0
2017 03 13 16 49 07  1022.0
2017 03 13 16 49 08  1022.0
2017 03 13 16 49 09  1023.0
2017 03 13 16 49 10  1023.0
2017 03 13 16 49 11  1023.0
2017 03 13 16 49 12  1021.0
2017 03 13 16 49 13  1021.0
2017 03 13 16 49 14  1021.0
2017 03 13 16 49 15  1023.0
2017 03 13 16 49 16  1023.0
2017 03 13 16 49 17  1024.0
2017 03 13 16 49 18  1023.0
2017 03 13 16 49 19  1024.0
2017 03 13 16 49 20  1022.0
2017 03 13 16 49 21  1023.0
2017 03 13 16 49 22  1022.0
2017 03 13 16 49 23  1023.0
2017 03 13 16 49 24  1023.0
2017 03 13 16 49 25  1023.0
2017 03 13 16 49 26  1021.0
2017 03 13 16 49 27  1023.0
2017 03 13 16 49 28  1030.0
2017 03 13 16 49 29  1024.0
2017 03 13 16 49 30  1021.0
2017 03 13 16 49 31  1020.0
2017 03 13 16 49 32  1020.0
2017 03 13 16 49 33  1021.0
2017 03 13 16 49 34  1022.0
2017 03 13 16 49 35  1022.0
2017 03 13 16 49 36  1024.0
2017 03 13 16 49 37  1022.0
2017 03 13 16 49 38  1021.0
2017 03 13 16 49 39  1022.0
2017 03 13 16 49 40  1023.0
2017 03 13 16 49 41  1023.0
2017 03 13 16 49 42  1022.0
2017 03 13 16 49 43  1021.0
2017 03 13 16 49 44  1021.0
2017 03 13 16 49 45  1023.0
2017 03 13 16 49 46  1022.0
2017 03 13 16 49 47  1021.0
2017 03 13 16 49 48  1021.0
2017 03 13 16 49 49  1022.0
2017 03 13 16 49 50  1022.0
2017 03 13 16 49 51  1023.0
2017 03 13 16 49 52  1021.0
2017 03 13 16 49 53  1021.0
2017 03 13 16 49 54  1020.0
2017 03 13 16 49 55  1020.0
2017 03 13 16 49 56  1020.0
2017 03 13 16 49 57  1021.0
2017 03 13 16 49 58  1022.0
2017 03 13 16 49 59  1024.0
2017 03 13 16 50 00  1024.0
2017 03 13 16 50 01  1024.0
2017 03 13 16 50 02  1022.0
2017 03 13 16 50 03  1021.0
2017 03 13 16 50 04  1021.0
2017 03 13 16 50 05  1020.0
2017 03 13 16 50 06  1022.0
2017 03 13 16 50 07  1024.0
2017 03 13 16 50 08  1019.0
2017 03 13 16 50 09  1019.0
2017 03 13 16 50 10  1023.0
2017 03 13 16 50 11  1021.0
2017 03 13 16 50 12  1019.0
2017 03 13 16 50 13  1019.0
2017 03 13 16 50 14  1020.0
2017 03 13 16 50 15  1021.0
2017 03 13 16 50 16  1023.0
2017 03 13 16 50 17  1022.0
2017 03 13 16 50 18  1021.0
2017 03 13 16 50 19  1021.0
2017 03 13 16 50 20  1023.0
2017 03 13 16 50 21  1023.0
2017 03 13 16 50 22  1023.0
2017 03 13 16 50 23  1022.0
2017 03 13 16 50 24  1023.0
2017 03 13 16 50 25  1023.0
2017 03 13 16 50 26  1023.0
2017 03 13 16 50 27  1021.0
2017 03 13 16 50 28  1021.0
2017 03 13 16 50 29  1019.0
2017 03 13 16 50 30  1019.0
2017 03 13 16 50 31  1021.0
2017 03 13 16 50 32  1021.0
2017 03 13 16 50 33  1021.0
2017 03 13 16 50 34  1021.0
2017 03 13 16 50 35  1021.0
2017 03 13 16 50 36  1017.0
2017 03 13 16 50 37  1021.0
2017 03 13 16 50 38  1020.0
2017 03 13 16 50 39  1021.0
2017 03 13 16 50 40  1022.0
2017 03 13 16 50 41  1023.0
2017 03 13 16 50 42  1023.0
2017 03 13 16 50 43  1022.0
2017 03 13 16 50 44  1021.0
2017 03 13 16 50 45  1022.0
2017 03 13 16 50 46  1021.0
2017 03 13 16 50 47  1022.0
2017 03 13 16 50 48  1021.0
2017 03 13 16 50 49  1021.0
2017 03 13 16 50 50  1020.0
2017 03 13 16 50 51  1023.0
2017 03 13 16 50 52  1031.0
2017 03 13 16 50 53  1020.0
2017 03 13 16 50 54  1021.0
2017 03 13 16 50 55  1021.0
2017 03 13 16 50 56  1019.0
2017 03 13 16 50 57  1022.0
2017 03 13 16 50 58  1021.0
2017 03 13 16 50 59  1024.0
2017 03 13 16 51 00  1021.0
2017 03 13 16 51 01  1022.0
2017 03 13 16 51 02  1020.0
2017 03 13 16 51 03  1021.0
2017 03 13 16 51 04  1021.0
2017 03 13 16 51 05  1021.0
2017 03 13 16 51 06  1019.0
2017 03 13 16 51 07  1021.0
2017 03 13 16 51 08  1022.0
2017 03 13 16 51 09  1023.0
2017 03 13 16 51 10  1020.0
2017 03 13 16 51 11  1021.0
2017 03 13 16 51 12  1020.0
2017 03 13 16 51 13  1020.0
2017 03 13 16 51 14  1021.0
2017 03 13 16 51 15  1021.0
2017 03 13 16 51 16  1021.0
2017 03 13 16 51 17  1020.0
2017 03 13 16 51 18  1020.0
2017 03 13 16 51 19  1020.0
2017 03 13 16 51 20  1020.0
2017 03 13 16 51 21  1021.0
2017 03 13 16 51 22  1021.0
2017 03 13 16 51 23  1021.0
2017 03 13 16 51 24  1021.0
2017 03 13 16 51 25  1022.0
2017 03 13 16 51 26  1023.0
2017 03 13 16 51 27  1020.0
2017 03 13 16 51 28  1018.0
2017 03 13 16 51 29  1019.0
2017 03 13 16 51 30  1022.0
2017 03 13 16 51 31  1019.0
2017 03 13 16 51 32  1016.0
2017 03 13 16 51 33  1019.0
2017 03 13 16 51 34  1020.0
2017 03 13 16 51 35  1020.0
2017 03 13 16 51 36  1018.0
2017 03 13 16 51 37  1018.0
2017 03 13 16 51 38  1019.0
2017 03 13 16 51 39  1021.0
2017 03 13 16 51 40  1021.0
2017 03 13 16 51 41  1021.0
2017 03 13 16 51 42  1021.0
2017 03 13 16 51 43  1022.0
2017 03 13 16 51 44  1021.0
2017 03 13 16 51 45  1023.0
2017 03 13 16 51 46  1021.0
2017 03 13 16 51 47  1021.0
2017 03 13 16 51 48  1021.0
2017 03 13 16 51 49  1020.0
2017 03 13 16 51 50  1020.0
2017 03 13 16 51 51  1020.0
2017 03 13 16 51 52  1018.0
2017 03 13 16 51 53  1018.0
2017 03 13 16 51 54  1018.0
2017 03 13 16 51 55  1021.0
2017 03 13 16 51 56  1022.0
2017 03 13 16 51 57  1021.0
2017 03 13 16 51 58  1020.0
2017 03 13 16 51 59  1019.0
2017 03 13 16 52 00  1019.0
2017 03 13 16 52 01  1021.0
2017 03 13 16 52 02  1020.0
2017 03 13 16 52 03  1022.0
2017 03 13 16 52 04  1021.0
2017 03 13 16 52 05  1021.0
2017 03 13 16 52 06  1021.0
2017 03 13 16 52 07  1021.0
2017 03 13 16 52 08  1019.0
2017 03 13 16 52 09  1021.0
2017 03 13 16 52 10  1020.0
2017 03 13 16 52 11  1023.0
2017 03 13 16 52 12  1023.0
2017 03 13 16 52 13  1021.0
2017 03 13 16 52 14  1019.0
2017 03 13 16 52 15  1024.0
2017 03 13 16 52 16  1025.0
2017 03 13 16 52 17  1020.0
2017 03 13 16 52 18  1020.0
2017 03 13 16 52 19  1020.0
2017 03 13 16 52 20  1020.0
2017 03 13 16 52 21  1020.0
2017 03 13 16 52 22  1022.0
2017 03 13 16 52 23  1021.0
2017 03 13 16 52 24  1020.0
2017 03 13 16 52 25  1020.0
2017 03 13 16 52 26  1021.0
2017 03 13 16 52 27  1022.0
2017 03 13 16 52 28  1020.0
2017 03 13 16 52 29  1019.0
2017 03 13 16 52 30  1019.0
2017 03 13 16 52 31  1021.0
2017 03 13 16 52 32  1021.0
2017 03 13 16 52 33  1020.0
2017 03 13 16 52 34  1020.0
2017 03 13 16 52 35  1021.0
2017 03 13 16 52 36  1019.0
2017 03 13 16 52 37  1021.0
2017 03 13 16 52 38  1021.0
2017 03 13 16 52 39  1020.0
2017 03 13 16 52 40  1021.0
2017 03 13 16 52 41  1020.0
2017 03 13 16 52 42  1020.0
2017 03 13 16 52 43  1020.0
2017 03 13 16 52 44  1020.0
2017 03 13 16 52 45  1021.0
2017 03 13 16 52 46  1020.0
2017 03 13 16 52 47  1022.0
2017 03 13 16 52 48  1023.0
2017 03 13 16 52 49  1021.0
2017 03 13 16 52 50  1020.0
2017 03 13 16 52 51  1018.0
2017 03 13 16 52 52  1019.0
2017 03 13 16 52 53  1019.0
2017 03 13 16 52 54  1022.0
2017 03 13 16 52 55  1018.0
2017 03 13 16 52 56  1016.0
2017 03 13 16 52 57  1020.0
2017 03 13 16 52 58  1017.0
2017 03 13 16 52 59  1019.0
2017 03 13 16 53 00  1017.0
2017 03 13 16 53 01  1017.0
2017 03 13 16 53 02  1020.0
2017 03 13 16 53 03  1021.0
2017 03 13 16 53 04  1020.0
2017 03 13 16 53 05  1021.0
2017 03 13 16 53 06  1020.0
2017 03 13 16 53 07  1021.0
2017 03 13 16 53 08  1021.0
2017 03 13 16 53 09  1021.0
2017 03 13 16 53 10  1020.0
2017 03 13 16 53 11  1020.0
2017 03 13 16 53 12  1019.0
2017 03 13 16 53 13  1021.0
2017 03 13 16 53 14  1021.0
2017 03 13 16 53 15  1017.0
2017 03 13 16 53 16  1018.0
2017 03 13 16 53 17  1019.0
2017 03 13 16 53 18  1019.0
2017 03 13 16 53 19  1021.0
2017 03 13 16 53 20  1020.0
2017 03 13 16 53 21  1020.0
2017 03 13 16 53 22  1019.0
2017 03 13 16 53 23  1019.0
2017 03 13 16 53 24  1019.0
2017 03 13 16 53 25  1021.0
2017 03 13 16 53 26  1020.0
2017 03 13 16 53 27  1020.0
2017 03 13 16 53 28  1020.0
2017 03 13 16 53 29  1022.0
2017 03 13 16 53 30  1021.0
2017 03 13 16 53 31  1020.0
2017 03 13 16 53 32  1020.0
2017 03 13 16 53 33  1019.0
2017 03 13 16 53 34  1018.0
2017 03 13 16 53 35  1019.0
2017 03 13 16 53 36  1019.0
2017 03 13 16 53 37  1019.0
2017 03 13 16 53 38  1020.0
2017 03 13 16 53 39  1029.0
2017 03 13 16 53 40  1018.0
2017 03 13 16 53 41  1018.0
2017 03 13 16 53 42  1017.0
2017 03 13 16 53 43  1018.0
2017 03 13 16 53 44  1020.0
2017 03 13 16 53 45  1021.0
2017 03 13 16 53 46  1021.0
2017 03 13 16 53 47  1021.0
2017 03 13 16 53 48  1019.0
2017 03 13 16 53 49  1020.0
2017 03 13 16 53 50  1020.0
2017 03 13 16 53 51  1020.0
2017 03 13 16 53 52  1020.0
2017 03 13 16 53 53  1020.0
2017 03 13 16 53 54  1020.0
2017 03 13 16 53 55  1021.0
2017 03 13 16 53 56  1021.0
2017 03 13 16 53 57  1019.0
2017 03 13 16 53 58  1018.0
2017 03 13 16 53 59  1020.0
2017 03 13 16 54 00  1021.0
2017 03 13 16 54 01  1021.0
2017 03 13 16 54 02  1021.0
2017 03 13 16 54 03  1021.0
2017 03 13 16 54 04  1020.0
2017 03 13 16 54 05  1020.0
2017 03 13 16 54 06  1020.0
2017 03 13 16 54 07  1020.0
2017 03 13 16 54 08  1020.0
2017 03 13 16 54 09  1021.0
2017 03 13 16 54 10  1022.0
2017 03 13 16 54 11  1023.0
2017 03 13 16 54 12  1021.0
2017 03 13 16 54 13  1020.0
2017 03 13 16 54 14  1020.0
2017 03 13 16 54 15  1018.0
2017 03 13 16 54 16  1020.0
2017 03 13 16 54 17  1022.0
2017 03 13 16 54 18  1021.0
2017 03 13 16 54 19  1016.0
2017 03 13 16 54 20  1018.0
2017 03 13 16 54 21  1016.0
2017 03 13 16 54 22  1018.0
2017 03 13 16 54 23  1017.0
2017 03 13 16 54 24  1017.0
2017 03 13 16 54 25  1019.0
2017 03 13 16 54 26  1021.0
2017 03 13 16 54 27  1021.0
2017 03 13 16 54 28  1020.0
2017 03 13 16 54 29  1021.0
2017 03 13 16 54 30  1020.0
2017 03 13 16 54 31  1020.0
2017 03 13 16 54 32  1020.0
2017 03 13 16 54 33  1020.0
2017 03 13 16 54 34  1020.0
2017 03 13 16 54 35  1020.0
2017 03 13 16 54 36  1018.0
2017 03 13 16 54 37  1020.0
2017 03 13 16 54 38  1020.0
2017 03 13 16 54 39  1017.0
2017 03 13 16 54 40  1018.0
2017 03 13 16 54 41  1017.0
2017 03 13 16 54 42  1020.0
2017 03 13 16 54 43  1020.0
2017 03 13 16 54 44  1021.0
2017 03 13 16 54 45  1019.0
2017 03 13 16 54 46  1019.0
2017 03 13 16 54 47  1020.0
2017 03 13 16 54 48  1020.0
2017 03 13 16 54 49  1018.0
2017 03 13 16 54 50  1019.0
2017 03 13 16 54 51  1020.0
2017 03 13 16 54 52  1020.0
2017 03 13 16 54 53  1021.0
2017 03 13 16 54 54  1020.0
2017 03 13 16 54 55  1019.0
2017 03 13 16 54 56  1018.0
2017 03 13 16 54 57  1017.0
2017 03 13 16 54 58  1019.0
2017 03 13 16 54 59  1020.0
2017 03 13 16 55 00  1020.0
2017 03 13 16 55 01  1018.0
2017 03 13 16 55 02  1030.0
2017 03 13 16 55 03  1024.0
2017 03 13 16 55 04  1018.0
2017 03 13 16 55 05  1018.0
2017 03 13 16 55 06  1019.0
2017 03 13 16 55 07  1020.0
2017 03 13 16 55 08  1021.0
2017 03 13 16 55 09  1022.0
2017 03 13 16 55 10  1020.0
2017 03 13 16 55 11  1020.0
2017 03 13 16 55 12  1019.0
2017 03 13 16 55 13  1020.0
2017 03 13 16 55 14  1021.0
2017 03 13 16 55 15  1018.0
2017 03 13 16 55 16  1018.0
2017 03 13 16 55 17  1017.0
2017 03 13 16 55 18  1020.0
2017 03 13 16 55 19  1020.0
2017 03 13 16 55 20  1018.0
2017 03 13 16 55 21  1018.0
2017 03 13 16 55 22  1020.0
2017 03 13 16 55 23  1019.0
2017 03 13 16 55 24  1020.0
2017 03 13 16 55 25  1020.0
2017 03 13 16 55 26  1020.0
2017 03 13 16 55 27  1020.0
2017 03 13 16 55 28  1019.0
2017 03 13 16 55 29  1019.0
2017 03 13 16 55 30  1020.0
2017 03 13 16 55 31  1020.0
2017 03 13 16 55 32  1020.0
2017 03 13 16 55 33  1021.0
2017 03 13 16 55 34  1022.0
2017 03 13 16 55 35  1020.0
2017 03 13 16 55 36  1021.0
2017 03 13 16 55 37  1017.0
2017 03 13 16 55 38  1017.0
2017 03 13 16 55 39  1019.0
2017 03 13 16 55 40  1018.0
2017 03 13 16 55 41  1020.0
2017 03 13 16 55 42  1015.0
2017 03 13 16 55 43  1016.0
2017 03 13 16 55 44  1016.0
2017 03 13 16 55 45  1017.0
2017 03 13 16 55 46  1017.0
2017 03 13 16 55 47  1017.0
2017 03 13 16 55 48  1018.0
2017 03 13 16 55 49  1020.0
2017 03 13 16 55 50  1021.0
2017 03 13 16 55 51  1019.0
2017 03 13 16 55 52  1020.0
2017 03 13 16 55 53  1019.0
2017 03 13 16 55 54  1020.0
2017 03 13 16 55 55  1020.0
2017 03 13 16 55 56  1019.0
2017 03 13 16 55 57  1019.0
2017 03 13 16 55 58  1019.0
2017 03 13 16 55 59  1017.0
2017 03 13 16 56 00  1019.0
2017 03 13 16 56 01  1018.0
2017 03 13 16 56 02  1016.0
2017 03 13 16 56 03  1016.0
2017 03 13 16 56 04  1018.0
2017 03 13 16 56 05  1018.0
2017 03 13 16 56 06  1020.0
2017 03 13 16 56 07  1019.0
2017 03 13 16 56 08  1018.0
2017 03 13 16 56 09  1018.0
2017 03 13 16 56 10  1019.0
2017 03 13 16 56 11  1019.0
2017 03 13 16 56 12  1020.0
2017 03 13 16 56 13  1020.0
2017 03 13 16 56 14  1021.0
2017 03 13 16 56 15  1020.0
2017 03 13 16 56 16  1021.0
2017 03 13 16 56 17  1020.0
2017 03 13 16 56 18  1019.0
2017 03 13 16 56 19  1017.0
2017 03 13 16 56 20  1019.0
2017 03 13 16 56 21  1019.0
2017 03 13 16 56 22  1018.0
2017 03 13 16 56 23  1020.0
2017 03 13 16 56 24  1019.0
2017 03 13 16 56 25  1018.0
2017 03 13 16 56 26  1027.0
2017 03 13 16 56 27  1021.0
2017 03 13 16 56 28  1018.0
2017 03 13 16 56 29  1017.0
2017 03 13 16 56 30  1019.0
2017 03 13 16 56 31  1019.0
2017 03 13 16 56 32  1022.0
2017 03 13 16 56 33  1020.0
2017 03 13 16 56 34  1019.0
2017 03 13 16 56 35  1019.0
2017 03 13 16 56 36  1019.0
2017 03 13 16 56 37  1019.0
2017 03 13 16 56 38  1019.0
2017 03 13 16 56 39  1017.0
2017 03 13 16 56 40  1017.0
2017 03 13 16 56 41  1019.0
2017 03 13 16 56 42  1021.0
2017 03 13 16 56 43  1019.0
2017 03 13 16 56 44  1018.0
2017 03 13 16 56 45  1018.0
2017 03 13 16 56 46  1019.0
2017 03 13 16 56 47  1018.0
2017 03 13 16 56 48  1021.0
2017 03 13 16 56 49  1018.0
2017 03 13 16 56 50  1020.0
2017 03 13 16 56 51  1018.0
2017 03 13 16 56 52  1019.0
2017 03 13 16 56 53  1018.0
2017 03 13 16 56 54  1020.0
2017 03 13 16 56 55  1020.0
2017 03 13 16 56 56  1021.0
2017 03 13 16 56 57  1020.0
2017 03 13 16 56 58  1021.0
2017 03 13 16 56 59  1020.0
2017 03 13 16 57 00  1020.0
2017 03 13 16 57 01  1015.0
2017 03 13 16 57 02  1019.0
2017 03 13 16 57 03  1018.0
2017 03 13 16 57 04  1018.0
2017 03 13 16 57 05  1019.0
2017 03 13 16 57 06  1014.0
2017 03 13 16 57 07  1014.0
2017 03 13 16 57 08  1016.0
2017 03 13 16 57 09  1016.0
2017 03 13 16 57 10  1016.0
2017 03 13 16 57 11  1016.0
2017 03 13 16 57 12  1018.0
2017 03 13 16 57 13  1019.0
2017 03 13 16 57 14  1020.0
2017 03 13 16 57 15  1019.0
2017 03 13 16 57 16  1019.0
2017 03 13 16 57 17  1018.0
2017 03 13 16 57 18  1020.0
2017 03 13 16 57 19  1019.0
2017 03 13 16 57 20  1019.0
2017 03 13 16 57 21  1017.0
2017 03 13 16 57 22  1019.0
2017 03 13 16 57 23  1017.0
2017 03 13 16 57 24  1017.0
2017 03 13 16 57 25  1016.0
2017 03 13 16 57 26  1016.0
2017 03 13 16 57 27  1015.0
2017 03 13 16 57 28  1017.0
2017 03 13 16 57 29  1017.0
2017 03 13 16 57 30  1019.0
2017 03 13 16 57 31  1017.0
2017 03 13 16 57 32  1018.0
2017 03 13 16 57 33  1017.0
2017 03 13 16 57 34  1017.0
2017 03 13 16 57 35  1018.0
2017 03 13 16 57 36  1018.0
2017 03 13 16 57 37  1019.0
2017 03 13 16 57 38  1019.0
2017 03 13 16 57 39  1019.0
2017 03 13 16 57 40  1019.0
2017 03 13 16 57 41  1020.0
2017 03 13 16 57 42  1017.0
2017 03 13 16 57 43  1018.0
2017 03 13 16 57 44  1019.0
2017 03 13 16 57 45  1017.0
2017 03 13 16 57 46  1020.0
2017 03 13 16 57 47  1020.0
2017 03 13 16 57 48  1017.0
2017 03 13 16 57 49  1020.0
2017 03 13 16 57 50  1029.0
2017 03 13 16 57 51  1017.0
2017 03 13 16 57 52  1018.0
2017 03 13 16 57 53  1017.0
2017 03 13 16 57 54  1019.0
2017 03 13 16 57 55  1020.0
2017 03 13 16 57 56  1018.0
2017 03 13 16 57 57  1018.0
2017 03 13 16 57 58  1019.0
2017 03 13 16 57 59  1017.0
2017 03 13 16 58 00  1019.0
2017 03 13 16 58 01  1018.0
2017 03 13 16 58 02  1017.0
2017 03 13 16 58 03  1016.0
2017 03 13 16 58 04  1017.0
2017 03 13 16 58 05  1018.0
2017 03 13 16 58 06  1019.0
2017 03 13 16 58 07  1016.0
2017 03 13 16 58 08  1017.0
2017 03 13 16 58 09  1017.0
2017 03 13 16 58 10  1018.0
2017 03 13 16 58 11  1018.0
2017 03 13 16 58 12  1019.0
2017 03 13 16 58 13  1017.0
2017 03 13 16 58 14  1017.0
2017 03 13 16 58 15  1017.0
2017 03 13 16 58 16  1017.0
2017 03 13 16 58 17  1016.0
2017 03 13 16 58 18  1017.0
2017 03 13 16 58 19  1018.0
2017 03 13 16 58 20  1018.0
2017 03 13 16 58 21  1020.0
2017 03 13 16 58 22  1021.0
2017 03 13 16 58 23  1020.0
2017 03 13 16 58 24  1018.0
2017 03 13 16 58 25  1017.0
2017 03 13 16 58 26  1020.0
2017 03 13 16 58 27  1017.0
2017 03 13 16 58 28  1021.0
2017 03 13 16 58 29  1017.0
2017 03 13 16 58 30  1014.0
2017 03 13 16 58 31  1018.0
2017 03 13 16 58 32  1016.0
2017 03 13 16 58 33  1016.0
2017 03 13 16 58 34  1016.0
2017 03 13 16 58 35  1016.0
2017 03 13 16 58 36  1017.0
2017 03 13 16 58 37  1017.0
2017 03 13 16 58 38  1017.0
2017 03 13 16 58 39  1019.0
2017 03 13 16 58 40  1018.0
2017 03 13 16 58 41  1017.0
2017 03 13 16 58 42  1019.0
2017 03 13 16 58 43  1017.0
2017 03 13 16 58 44  1018.0
2017 03 13 16 58 45  1017.0
2017 03 13 16 58 46  1019.0
2017 03 13 16 58 47  1017.0
2017 03 13 16 58 48  1019.0
2017 03 13 16 58 49  1017.0
2017 03 13 16 58 50  1015.0
2017 03 13 16 58 51  1016.0
2017 03 13 16 58 52  1016.0
2017 03 13 16 58 53  1017.0
2017 03 13 16 58 54  1018.0
2017 03 13 16 58 55  1016.0
2017 03 13 16 58 56  1017.0
2017 03 13 16 58 57  1016.0
2017 03 13 16 58 58  1016.0
2017 03 13 16 58 59  1017.0
2017 03 13 16 59 00  1017.0
2017 03 13 16 59 01  1018.0
2017 03 13 16 59 02  1019.0
2017 03 13 16 59 03  1018.0
2017 03 13 16 59 04  1019.0
2017 03 13 16 59 05  1017.0
2017 03 13 16 59 06  1017.0
2017 03 13 16 59 07  1017.0
2017 03 13 16 59 08  1017.0
2017 03 13 16 59 09  1017.0
2017 03 13 16 59 10  1020.0
2017 03 13 16 59 11  1018.0
2017 03 13 16 59 12  1019.0
2017 03 13 16 59 13  1026.0
2017 03 13 16 59 14  1020.0
2017 03 13 16 59 15  1019.0
2017 03 13 16 59 16  1017.0
2017 03 13 16 59 17  1017.0
2017 03 13 16 59 18  1018.0
2017 03 13 16 59 19  1016.0
2017 03 13 16 59 20  1018.0
2017 03 13 16 59 21  1016.0
2017 03 13 16 59 22  1017.0
2017 03 13 16 59 23  1017.0
2017 03 13 16 59 24  1019.0
2017 03 13 16 59 25  1017.0
2017 03 13 16 59 26  1016.0
2017 03 13 16 59 27  1017.0
2017 03 13 16 59 28  1020.0
2017 03 13 16 59 29  1020.0
2017 03 13 16 59 30  1019.0
2017 03 13 16 59 31  1017.0
2017 03 13 16 59 32  1017.0
2017 03 13 16 59 33  1017.0
2017 03 13 16 59 34  1019.0
2017 03 13 16 59 35  1018.0
2017 03 13 16 59 36  1019.0
2017 03 13 16 59 37  1017.0
2017 03 13 16 59 38  1016.0
2017 03 13 16 59 39  1016.0
2017 03 13 16 59 40  1016.0
2017 03 13 16 59 41  1014.0
2017 03 13 16 59 42  1017.0
2017 03 13 16 59 43  1017.0
2017 03 13 16 59 44  1017.0
2017 03 13 16 59 45  1017.0
2017 03 13 16 59 46  1018.0
2017 03 13 16 59 47  1016.0
2017 03 13 16 59 48  1016.0
2017 03 13 16 59 49  1018.0
2017 03 13 16 59 50  1018.0
2017 03 13 16 59 51  1019.0
2017 03 13 16 59 52  1019.0
2017 03 13 16 59 53  1015.0
2017 03 13 16 59 54  1015.0
2017 03 13 16 59 55  1017.0
2017 03 13 16 59 56  1015.0
2017 03 13 16 59 57  1014.0
2017 03 13 16 59 58  1016.0
2017 03 13 16 59 59  1017.0
2017 03 13 17 00 00  1018.0
2017 03 13 17 00 01  1017.0
2017 03 13 17 00 02  1018.0
2017 03 13 17 00 03  1017.0
2017 03 13 17 00 04  1017.0
2017 03 13 17 00 05  1017.0
2017 03 13 17 00 06  1016.0
2017 03 13 17 00 07  1015.0
2017 03 13 17 00 08  1017.0
2017 03 13 17 00 09  1017.0
2017 03 13 17 00 10  1017.0
2017 03 13 17 00 11  1017.0
2017 03 13 17 00 12  1017.0
2017 03 13 17 00 13  1015.0
2017 03 13 17 00 14  1016.0
2017 03 13 17 00 15  1016.0
2017 03 13 17 00 16  1018.0
2017 03 13 17 00 17  1017.0
2017 03 13 17 00 18  1016.0
2017 03 13 17 00 19  1017.0
2017 03 13 17 00 20  1017.0
2017 03 13 17 00 21  1016.0
2017 03 13 17 00 22  1016.0
2017 03 13 17 00 23  1016.0
2017 03 13 17 00 24  1017.0
2017 03 13 17 00 25  1017.0
2017 03 13 17 00 26  1018.0
2017 03 13 17 00 27  1016.0
2017 03 13 17 00 28  1016.0
2017 03 13 17 00 29  1015.0
2017 03 13 17 00 30  1016.0
2017 03 13 17 00 31  1016.0
2017 03 13 17 00 32  1017.0
2017 03 13 17 00 33  1017.0
2017 03 13 17 00 34  1020.0
2017 03 13 17 00 35  1017.0
2017 03 13 17 00 36  1021.0
2017 03 13 17 00 37  1025.0
2017 03 13 17 00 38  1016.0
2017 03 13 17 00 39  1016.0
2017 03 13 17 00 40  1017.0
2017 03 13 17 00 41  1019.0
2017 03 13 17 00 42  1017.0
2017 03 13 17 00 43  1017.0
2017 03 13 17 00 44  1018.0
2017 03 13 17 00 45  1017.0
2017 03 13 17 00 46  1015.0
2017 03 13 17 00 47  1015.0
2017 03 13 17 00 48  1016.0
2017 03 13 17 00 49  1015.0
2017 03 13 17 00 50  1015.0
2017 03 13 17 00 51  1016.0
2017 03 13 17 00 52  1018.0
2017 03 13 17 00 53  1017.0
2017 03 13 17 00 54  1016.0
2017 03 13 17 00 55  1016.0
2017 03 13 17 00 56  1017.0
2017 03 13 17 00 57  1018.0
2017 03 13 17 00 58  1018.0
2017 03 13 17 00 59  1018.0
2017 03 13 17 01 00  1017.0
2017 03 13 17 01 01  1017.0
2017 03 13 17 01 02  1016.0
2017 03 13 17 01 03  1015.0
2017 03 13 17 01 04  1017.0
2017 03 13 17 01 05  1017.0
2017 03 13 17 01 06  1017.0
2017 03 13 17 01 07  1017.0
2017 03 13 17 01 08  1017.0
2017 03 13 17 01 09  1017.0
2017 03 13 17 01 10  1017.0
2017 03 13 17 01 11  1014.0
2017 03 13 17 01 12  1016.0
2017 03 13 17 01 13  1015.0
2017 03 13 17 01 14  1016.0
2017 03 13 17 01 15  1015.0
2017 03 13 17 01 16  1013.0
2017 03 13 17 01 17  1012.0
2017 03 13 17 01 18  1013.0
2017 03 13 17 01 19  1013.0
2017 03 13 17 01 20  1015.0
2017 03 13 17 01 21  1015.0
2017 03 13 17 01 22  1018.0
2017 03 13 17 01 23  1018.0
2017 03 13 17 01 24  1020.0
2017 03 13 17 01 25  1017.0
2017 03 13 17 01 26  1018.0
2017 03 13 17 01 27  1016.0
2017 03 13 17 01 28  1017.0
2017 03 13 17 01 29  1017.0
2017 03 13 17 01 30  1016.0
2017 03 13 17 01 31  1016.0
2017 03 13 17 01 32  1016.0
2017 03 13 17 01 33  1015.0
2017 03 13 17 01 34  1015.0
2017 03 13 17 01 35  1015.0
2017 03 13 17 01 36  1013.0
2017 03 13 17 01 37  1013.0
2017 03 13 17 01 38  1017.0
2017 03 13 17 01 39  1016.0
2017 03 13 17 01 40  1017.0
2017 03 13 17 01 41  1016.0
2017 03 13 17 01 42  1017.0
2017 03 13 17 01 43  1016.0
2017 03 13 17 01 44  1016.0
2017 03 13 17 01 45  1017.0
2017 03 13 17 01 46  1017.0
2017 03 13 17 01 47  1016.0
2017 03 13 17 01 48  1018.0
2017 03 13 17 01 49  1017.0
2017 03 13 17 01 50  1017.0
2017 03 13 17 01 51  1015.0
2017 03 13 17 01 52  1016.0
2017 03 13 17 01 53  1016.0
2017 03 13 17 01 54  1016.0
2017 03 13 17 01 55  1016.0
2017 03 13 17 01 56  1016.0
2017 03 13 17 01 57  1016.0
2017 03 13 17 01 58  1016.0
2017 03 13 17 01 59  1015.0
2017 03 13 17 02 00  1023.0
2017 03 13 17 02 01  1015.0
2017 03 13 17 02 02  1016.0
2017 03 13 17 02 03  1016.0
2017 03 13 17 02 04  1019.0
2017 03 13 17 02 05  1017.0
2017 03 13 17 02 06  1017.0
2017 03 13 17 02 07  1017.0
2017 03 13 17 02 08  1017.0
2017 03 13 17 02 09  1016.0
2017 03 13 17 02 10  1016.0
2017 03 13 17 02 11  1017.0
2017 03 13 17 02 12  1016.0
2017 03 13 17 02 13  1015.0
2017 03 13 17 02 14  1016.0
2017 03 13 17 02 15  1017.0
2017 03 13 17 02 16  1018.0
2017 03 13 17 02 17  1015.0
2017 03 13 17 02 18  1015.0
2017 03 13 17 02 19  1015.0
2017 03 13 17 02 20  1015.0
2017 03 13 17 02 21  1016.0
2017 03 13 17 02 22  1017.0
2017 03 13 17 02 23  1016.0
2017 03 13 17 02 24  1016.0
2017 03 13 17 02 25  1015.0
2017 03 13 17 02 26  1015.0
2017 03 13 17 02 27  1015.0
2017 03 13 17 02 28  1016.0
2017 03 13 17 02 29  1016.0
2017 03 13 17 02 30  1018.0
2017 03 13 17 02 31  1017.0
2017 03 13 17 02 32  1017.0
2017 03 13 17 02 33  1018.0
2017 03 13 17 02 34  1017.0
2017 03 13 17 02 35  1014.0
2017 03 13 17 02 36  1017.0
2017 03 13 17 02 37  1015.0
2017 03 13 17 02 38  1016.0
2017 03 13 17 02 39  1016.0
2017 03 13 17 02 40  1011.0
2017 03 13 17 02 41  1012.0
2017 03 13 17 02 42  1013.0
2017 03 13 17 02 43  1012.0
2017 03 13 17 02 44  1014.0
2017 03 13 17 02 45  1015.0
2017 03 13 17 02 46  1016.0
2017 03 13 17 02 47  1016.0
2017 03 13 17 02 48  1017.0
2017 03 13 17 02 49  1016.0
2017 03 13 17 02 50  1017.0
2017 03 13 17 02 51  1015.0
2017 03 13 17 02 52  1017.0
2017 03 13 17 02 53  1015.0
2017 03 13 17 02 54  1017.0
2017 03 13 17 02 55  1015.0
2017 03 13 17 02 56  1017.0
2017 03 13 17 02 57  1016.0
2017 03 13 17 02 58  1018.0
2017 03 13 17 02 59  1015.0
2017 03 13 17 03 00  1016.0
2017 03 13 17 03 01  1014.0
2017 03 13 17 03 02  1014.0
2017 03 13 17 03 03  1016.0
2017 03 13 17 03 04  1016.0
2017 03 13 17 03 05  1015.0
2017 03 13 17 03 06  1015.0
2017 03 13 17 03 07  1015.0
2017 03 13 17 03 08  1015.0
2017 03 13 17 03 09  1014.0
2017 03 13 17 03 10  1015.0
2017 03 13 17 03 11  1016.0
2017 03 13 17 03 12  1017.0
2017 03 13 17 03 13  1017.0
2017 03 13 17 03 14  1017.0
2017 03 13 17 03 15  1016.0
2017 03 13 17 03 16  1016.0
2017 03 13 17 03 17  1015.0
2017 03 13 17 03 18  1016.0
2017 03 13 17 03 19  1016.0
2017 03 13 17 03 20  1017.0
2017 03 13 17 03 21  1017.0
2017 03 13 17 03 22  1016.0
2017 03 13 17 03 23  1020.0
2017 03 13 17 03 24  1019.0
2017 03 13 17 03 25  1015.0
2017 03 13 17 03 26  1014.0
2017 03 13 17 03 27  1018.0
2017 03 13 17 03 28  1015.0
2017 03 13 17 03 29  1015.0
2017 03 13 17 03 30  1015.0
2017 03 13 17 03 31  1015.0
2017 03 13 17 03 32  1014.0
2017 03 13 17 03 33  1014.0
2017 03 13 17 03 34  1016.0
2017 03 13 17 03 35  1014.0
2017 03 13 17 03 36  1014.0
2017 03 13 17 03 37  1014.0
2017 03 13 17 03 38  1016.0
2017 03 13 17 03 39  1018.0
2017 03 13 17 03 40  1016.0
2017 03 13 17 03 41  1015.0
2017 03 13 17 03 42  1016.0
2017 03 13 17 03 43  1017.0
2017 03 13 17 03 44  1019.0
2017 03 13 17 03 45  1018.0
2017 03 13 17 03 46  1017.0
2017 03 13 17 03 47  1017.0
2017 03 13 17 03 48  1016.0
2017 03 13 17 03 49  1014.0
2017 03 13 17 03 50  1015.0
2017 03 13 17 03 51  1015.0
2017 03 13 17 03 52  1016.0
2017 03 13 17 03 53  1015.0
2017 03 13 17 03 54  1016.0
2017 03 13 17 03 55  1015.0
2017 03 13 17 03 56  1017.0
2017 03 13 17 03 57  1015.0
2017 03 13 17 03 58  1014.0
2017 03 13 17 03 59  1016.0
2017 03 13 17 04 00  1015.0
2017 03 13 17 04 01  1015.0
2017 03 13 17 04 02  1017.0
2017 03 13 17 04 03  1013.0
2017 03 13 17 04 04  1013.0
2017 03 13 17 04 05  1012.0
2017 03 13 17 04 06  1013.0
2017 03 13 17 04 07  1014.0
2017 03 13 17 04 08  1016.0
2017 03 13 17 04 09  1016.0
2017 03 13 17 04 10  1017.0
2017 03 13 17 04 11  1018.0
2017 03 13 17 04 12  1017.0
2017 03 13 17 04 13  1016.0
2017 03 13 17 04 14  1016.0
2017 03 13 17 04 15  1015.0
2017 03 13 17 04 16  1014.0
2017 03 13 17 04 17  1013.0
2017 03 13 17 04 18  1014.0
2017 03 13 17 04 19  1013.0
2017 03 13 17 04 20  1013.0
2017 03 13 17 04 21  1015.0
2017 03 13 17 04 22  1014.0
2017 03 13 17 04 23  1013.0
2017 03 13 17 04 24  1014.0
2017 03 13 17 04 25  1014.0
2017 03 13 17 04 26  1016.0
2017 03 13 17 04 27  1016.0
2017 03 13 17 04 28  1016.0
2017 03 13 17 04 29  1016.0
2017 03 13 17 04 30  1016.0
2017 03 13 17 04 31  1016.0
2017 03 13 17 04 32  1015.0
2017 03 13 17 04 33  1016.0
2017 03 13 17 04 34  1016.0
2017 03 13 17 04 35  1016.0
2017 03 13 17 04 36  1016.0
2017 03 13 17 04 37  1016.0
2017 03 13 17 04 38  1016.0
2017 03 13 17 04 39  1014.0
2017 03 13 17 04 40  1015.0
2017 03 13 17 04 41  1015.0
2017 03 13 17 04 42  1016.0
2017 03 13 17 04 43  1016.0
2017 03 13 17 04 44  1019.0
2017 03 13 17 04 45  1015.0
2017 03 13 17 04 46  1016.0
2017 03 13 17 04 47  1025.0
2017 03 13 17 04 48  1016.0
2017 03 13 17 04 49  1016.0
2017 03 13 17 04 50  1018.0
2017 03 13 17 04 51  1016.0
2017 03 13 17 04 52  1017.0
2017 03 13 17 04 53  1016.0
2017 03 13 17 04 54  1016.0
2017 03 13 17 04 55  1015.0
2017 03 13 17 04 56  1015.0
2017 03 13 17 04 57  1015.0
2017 03 13 17 04 58  1014.0
2017 03 13 17 04 59  1013.0
2017 03 13 17 05 00  1013.0
2017 03 13 17 05 01  1015.0
2017 03 13 17 05 02  1016.0
2017 03 13 17 05 03  1014.0
2017 03 13 17 05 04  1014.0
2017 03 13 17 05 05  1013.0
2017 03 13 17 05 06  1014.0
2017 03 13 17 05 07  1014.0
2017 03 13 17 05 08  1016.0
2017 03 13 17 05 09  1016.0
2017 03 13 17 05 10  1016.0
2017 03 13 17 05 11  1015.0
2017 03 13 17 05 12  1015.0
2017 03 13 17 05 13  1015.0
2017 03 13 17 05 14  1016.0
2017 03 13 17 05 15  1016.0
2017 03 13 17 05 16  1016.0
2017 03 13 17 05 17  1016.0
2017 03 13 17 05 18  1017.0
2017 03 13 17 05 19  1016.0
2017 03 13 17 05 20  1017.0
2017 03 13 17 05 21  1013.0
2017 03 13 17 05 22  1015.0
2017 03 13 17 05 23  1016.0
2017 03 13 17 05 24  1015.0
2017 03 13 17 05 25  1016.0
2017 03 13 17 05 26  1016.0
2017 03 13 17 05 27  1012.0
2017 03 13 17 05 28  1012.0
2017 03 13 17 05 29  1012.0
2017 03 13 17 05 30  1012.0
2017 03 13 17 05 31  1013.0
2017 03 13 17 05 32  1015.0
2017 03 13 17 05 33  1016.0
2017 03 13 17 05 34  1016.0
2017 03 13 17 05 35  1016.0
2017 03 13 17 05 36  1015.0
2017 03 13 17 05 37  1015.0
2017 03 13 17 05 38  1015.0
2017 03 13 17 05 39  1015.0
2017 03 13 17 05 40  1015.0
2017 03 13 17 05 41  1015.0
2017 03 13 17 05 42  1015.0
2017 03 13 17 05 43  1015.0
2017 03 13 17 05 44  1016.0
2017 03 13 17 05 45  1016.0
2017 03 13 17 05 46  1015.0
2017 03 13 17 05 47  1015.0
2017 03 13 17 05 48  1015.0
2017 03 13 17 05 49  1015.0
2017 03 13 17 05 50  1015.0
2017 03 13 17 05 51  1014.0
2017 03 13 17 05 52  1017.0
2017 03 13 17 05 53  1015.0
2017 03 13 17 05 54  1014.0
2017 03 13 17 05 55  1014.0
2017 03 13 17 05 56  1016.0
2017 03 13 17 05 57  1015.0
2017 03 13 17 05 58  1016.0
2017 03 13 17 05 59  1016.0
2017 03 13 17 06 00  1015.0
2017 03 13 17 06 01  1015.0
2017 03 13 17 06 02  1015.0
2017 03 13 17 06 03  1015.0
2017 03 13 17 06 04  1015.0
2017 03 13 17 06 05  1015.0
2017 03 13 17 06 06  1017.0
2017 03 13 17 06 07  1017.0
2017 03 13 17 06 08  1015.0
2017 03 13 17 06 09  1014.0
2017 03 13 17 06 10  1023.0
2017 03 13 17 06 11  1014.0
2017 03 13 17 06 12  1015.0
2017 03 13 17 06 13  1015.0
2017 03 13 17 06 14  1016.0
2017 03 13 17 06 15  1014.0
2017 03 13 17 06 16  1015.0
2017 03 13 17 06 17  1014.0
2017 03 13 17 06 18  1014.0
2017 03 13 17 06 19  1013.0
2017 03 13 17 06 20  1015.0
2017 03 13 17 06 21  1014.0
2017 03 13 17 06 22  1013.0
2017 03 13 17 06 23  1013.0
2017 03 13 17 06 24  1014.0
2017 03 13 17 06 25  1016.0
2017 03 13 17 06 26  1015.0
2017 03 13 17 06 27  1014.0
2017 03 13 17 06 28  1014.0
2017 03 13 17 06 29  1015.0
2017 03 13 17 06 30  1016.0
2017 03 13 17 06 31  1015.0
2017 03 13 17 06 32  1016.0
2017 03 13 17 06 33  1016.0
2017 03 13 17 06 34  1015.0
2017 03 13 17 06 35  1014.0
2017 03 13 17 06 36  1014.0
2017 03 13 17 06 37  1014.0
2017 03 13 17 06 38  1015.0
2017 03 13 17 06 39  1015.0
2017 03 13 17 06 40  1014.0
2017 03 13 17 06 41  1016.0
2017 03 13 17 06 42  1014.0
2017 03 13 17 06 43  1016.0
2017 03 13 17 06 44  1014.0
2017 03 13 17 06 45  1014.0
2017 03 13 17 06 46  1015.0
2017 03 13 17 06 47  1014.0
2017 03 13 17 06 48  1014.0
2017 03 13 17 06 49  1015.0
2017 03 13 17 06 50  1010.0
2017 03 13 17 06 51  1011.0
2017 03 13 17 06 52  1012.0
2017 03 13 17 06 53  1012.0
2017 03 13 17 06 54  1015.0
2017 03 13 17 06 55  1017.0
2017 03 13 17 06 56  1017.0
2017 03 13 17 06 57  1016.0
2017 03 13 17 06 58  1018.0
2017 03 13 17 06 59  1016.0
2017 03 13 17 07 00  1016.0
2017 03 13 17 07 01  1015.0
2017 03 13 17 07 02  1014.0
2017 03 13 17 07 03  1014.0
2017 03 13 17 07 04  1013.0
2017 03 13 17 07 05  1012.0
2017 03 13 17 07 06  1014.0
2017 03 13 17 07 07  1014.0
2017 03 13 17 07 08  1014.0
2017 03 13 17 07 09  1012.0
2017 03 13 17 07 10  1013.0
2017 03 13 17 07 11  1013.0
2017 03 13 17 07 12  1013.0
2017 03 13 17 07 13  1016.0
2017 03 13 17 07 14  1016.0
2017 03 13 17 07 15  1015.0
2017 03 13 17 07 16  1016.0
2017 03 13 17 07 17  1014.0
2017 03 13 17 07 18  1015.0
2017 03 13 17 07 19  1015.0
2017 03 13 17 07 20  1016.0
2017 03 13 17 07 21  1016.0
2017 03 13 17 07 22  1017.0
2017 03 13 17 07 23  1015.0
2017 03 13 17 07 24  1015.0
2017 03 13 17 07 25  1013.0
2017 03 13 17 07 26  1013.0
2017 03 13 17 07 27  1014.0
2017 03 13 17 07 28  1015.0
2017 03 13 17 07 29  1014.0
2017 03 13 17 07 30  1015.0
2017 03 13 17 07 31  1014.0
2017 03 13 17 07 32  1013.0
2017 03 13 17 07 33  1018.0
2017 03 13 17 07 34  1014.0
2017 03 13 17 07 35  1013.0
2017 03 13 17 07 36  1013.0
2017 03 13 17 07 37  1015.0
2017 03 13 17 07 38  1015.0
2017 03 13 17 07 39  1014.0
2017 03 13 17 07 40  1015.0
2017 03 13 17 07 41  1014.0
2017 03 13 17 07 42  1015.0
2017 03 13 17 07 43  1015.0
2017 03 13 17 07 44  1014.0
2017 03 13 17 07 45  1014.0
2017 03 13 17 07 46  1015.0
2017 03 13 17 07 47  1014.0
2017 03 13 17 07 48  1017.0
2017 03 13 17 07 49  1015.0
2017 03 13 17 07 50  1015.0
2017 03 13 17 07 51  1014.0
2017 03 13 17 07 52  1015.0
2017 03 13 17 07 53  1014.0
2017 03 13 17 07 54  1015.0
2017 03 13 17 07 55  1013.0
2017 03 13 17 07 56  1013.0
2017 03 13 17 07 57  1012.0
2017 03 13 17 07 58  1013.0
2017 03 13 17 07 59  1011.0
2017 03 13 17 08 00  1013.0
2017 03 13 17 08 01  1014.0
2017 03 13 17 08 02  1013.0
2017 03 13 17 08 03  1014.0
2017 03 13 17 08 04  1015.0
2017 03 13 17 08 05  1015.0
2017 03 13 17 08 06  1015.0
2017 03 13 17 08 07  1014.0
2017 03 13 17 08 08  1014.0
2017 03 13 17 08 09  1015.0
2017 03 13 17 08 10  1015.0
2017 03 13 17 08 11  1016.0
2017 03 13 17 08 12  1017.0
2017 03 13 17 08 13  1012.0
2017 03 13 17 08 14  1011.0
2017 03 13 17 08 15  1013.0
2017 03 13 17 08 16  1012.0
2017 03 13 17 08 17  1013.0
2017 03 13 17 08 18  1015.0
2017 03 13 17 08 19  1016.0
2017 03 13 17 08 20  1016.0
2017 03 13 17 08 21  1015.0
2017 03 13 17 08 22  1014.0
2017 03 13 17 08 23  1014.0
2017 03 13 17 08 24  1013.0
2017 03 13 17 08 25  1014.0
2017 03 13 17 08 26  1013.0
2017 03 13 17 08 27  1013.0
2017 03 13 17 08 28  1013.0
2017 03 13 17 08 29  1013.0
2017 03 13 17 08 30  1013.0
2017 03 13 17 08 31  1015.0
2017 03 13 17 08 32  1014.0
2017 03 13 17 08 33  1013.0
2017 03 13 17 08 34  1014.0
2017 03 13 17 08 35  1015.0
2017 03 13 17 08 36  1016.0
2017 03 13 17 08 37  1015.0
2017 03 13 17 08 38  1015.0
2017 03 13 17 08 39  1015.0
2017 03 13 17 08 40  1015.0
2017 03 13 17 08 41  1014.0
2017 03 13 17 08 42  1013.0
2017 03 13 17 08 43  1014.0
2017 03 13 17 08 44  1015.0
2017 03 13 17 08 45  1013.0
2017 03 13 17 08 46  1015.0
2017 03 13 17 08 47  1012.0
2017 03 13 17 08 48  1014.0
2017 03 13 17 08 49  1013.0
2017 03 13 17 08 50  1014.0
2017 03 13 17 08 51  1014.0
2017 03 13 17 08 52  1014.0
2017 03 13 17 08 53  1014.0
2017 03 13 17 08 54  1015.0
2017 03 13 17 08 55  1013.0
2017 03 13 17 08 56  1016.0
2017 03 13 17 08 57  1021.0
2017 03 13 17 08 58  1014.0
2017 03 13 17 08 59  1012.0
2017 03 13 17 09 00  1016.0
2017 03 13 17 09 01  1014.0
2017 03 13 17 09 02  1015.0
2017 03 13 17 09 03  1014.0
2017 03 13 17 09 04  1014.0
2017 03 13 17 09 05  1014.0
2017 03 13 17 09 06  1013.0
2017 03 13 17 09 07  1013.0
2017 03 13 17 09 08  1013.0
2017 03 13 17 09 09  1012.0
2017 03 13 17 09 10  1013.0
2017 03 13 17 09 11  1013.0
2017 03 13 17 09 12  1015.0
2017 03 13 17 09 13  1013.0
2017 03 13 17 09 14  1012.0
2017 03 13 17 09 15  1012.0
2017 03 13 17 09 16  1013.0
2017 03 13 17 09 17  1012.0
2017 03 13 17 09 18  1013.0
2017 03 13 17 09 19  1014.0
2017 03 13 17 09 20  1013.0
2017 03 13 17 09 21  1012.0
2017 03 13 17 09 22  1013.0
2017 03 13 17 09 23  1013.0
2017 03 13 17 09 24  1014.0
2017 03 13 17 09 25  1014.0
2017 03 13 17 09 26  1014.0
2017 03 13 17 09 27  1015.0
2017 03 13 17 09 28  1015.0
2017 03 13 17 09 29  1015.0
2017 03 13 17 09 30  1014.0
2017 03 13 17 09 31  1012.0
2017 03 13 17 09 32  1014.0
2017 03 13 17 09 33  1014.0
2017 03 13 17 09 34  1014.0
2017 03 13 17 09 35  1015.0
2017 03 13 17 09 36  1011.0
2017 03 13 17 09 37  1009.0
2017 03 13 17 09 38  1013.0
2017 03 13 17 09 39  1011.0
2017 03 13 17 09 40  1013.0
2017 03 13 17 09 41  1013.0
2017 03 13 17 09 42  1015.0
2017 03 13 17 09 43  1015.0
2017 03 13 17 09 44  1015.0
2017 03 13 17 09 45  1014.0
2017 03 13 17 09 46  1015.0
2017 03 13 17 09 47  1013.0
2017 03 13 17 09 48  1015.0
2017 03 13 17 09 49  1014.0
2017 03 13 17 09 50  1014.0
2017 03 13 17 09 51  1013.0
2017 03 13 17 09 52  1014.0
2017 03 13 17 09 53  1014.0
2017 03 13 17 09 54  1016.0
2017 03 13 17 09 55  1015.0
2017 03 13 17 09 56  1013.0
2017 03 13 17 09 57  1013.0
2017 03 13 17 09 58  1013.0
2017 03 13 17 09 59  1012.0
2017 03 13 17 10 00  1015.0
2017 03 13 17 10 01  1014.0
2017 03 13 17 10 02  1014.0
2017 03 13 17 10 03  1014.0
2017 03 13 17 10 04  1012.0
2017 03 13 17 10 05  1013.0
2017 03 13 17 10 06  1014.0
2017 03 13 17 10 07  1013.0
2017 03 13 17 10 08  1015.0
2017 03 13 17 10 09  1014.0
2017 03 13 17 10 10  1014.0
2017 03 13 17 10 11  1014.0
2017 03 13 17 10 12  1013.0
2017 03 13 17 10 13  1013.0
2017 03 13 17 10 14  1014.0
2017 03 13 17 10 15  1014.0
2017 03 13 17 10 16  1015.0
2017 03 13 17 10 17  1016.0
2017 03 13 17 10 18  1014.0
2017 03 13 17 10 19  1016.0
2017 03 13 17 10 20  1023.0
2017 03 13 17 10 21  1013.0
2017 03 13 17 10 22  1014.0
2017 03 13 17 10 23  1016.0
2017 03 13 17 10 24  1015.0
2017 03 13 17 10 25  1014.0
2017 03 13 17 10 26  1015.0
2017 03 13 17 10 27  1013.0
2017 03 13 17 10 28  1013.0
2017 03 13 17 10 29  1012.0
2017 03 13 17 10 30  1012.0
2017 03 13 17 10 31  1011.0
2017 03 13 17 10 32  1010.0
2017 03 13 17 10 33  1010.0
2017 03 13 17 10 34  1012.0
2017 03 13 17 10 35  1014.0
2017 03 13 17 10 36  1014.0
2017 03 13 17 10 37  1393.0
2017 03 13 17 10 38  1399.0
2017 03 13 17 10 39  1400.0
2017 03 13 17 10 40  1403.0
2017 03 13 17 10 41  1400.0
2017 03 13 17 10 42  1422.0
2017 03 13 17 10 43  1424.0
2017 03 13 17 10 44  1424.0
2017 03 13 17 10 45  1421.0
2017 03 13 17 10 46  1420.0
2017 03 13 17 10 47  1412.0
2017 03 13 17 10 48  1406.0
2017 03 13 17 10 49  1411.0
2017 03 13 17 10 50  1411.0
2017 03 13 17 10 51  1401.0
2017 03 13 17 10 52  1405.0
2017 03 13 17 10 53  1396.0
2017 03 13 17 10 54  1413.0
2017 03 13 17 10 55  1402.0
2017 03 13 17 10 56  1421.0
2017 03 13 17 10 57  1411.0
2017 03 13 17 10 58  1410.0
2017 03 13 17 10 59  1405.0
2017 03 13 17 11 00  1410.0
2017 03 13 17 11 01  1413.0
2017 03 13 17 11 02  1400.0
2017 03 13 17 11 03  1426.0
2017 03 13 17 11 04  1446.0
2017 03 13 17 11 05  1400.0
2017 03 13 17 11 06  1432.0
2017 03 13 17 11 07  1416.0
2017 03 13 17 11 08  1400.0
2017 03 13 17 11 09  1430.0
2017 03 13 17 11 10  1425.0
2017 03 13 17 11 11  1400.0
2017 03 13 17 11 12  1415.0
2017 03 13 17 11 13  1410.0
2017 03 13 17 11 14  1401.0
2017 03 13 17 11 15  1408.0
2017 03 13 17 11 16  1418.0
2017 03 13 17 11 17  1398.0
2017 03 13 17 11 18  1419.0
2017 03 13 17 11 19  1414.0
2017 03 13 17 11 20  1405.0
2017 03 13 17 11 21  1446.0
2017 03 13 17 11 22  1465.0
2017 03 13 17 11 23  1461.0
2017 03 13 17 11 24  1449.0
2017 03 13 17 11 25  1461.0
2017 03 13 17 11 26  1448.0
2017 03 13 17 11 27  1454.0
2017 03 13 17 11 28  1458.0
2017 03 13 17 11 29  1458.0
2017 03 13 17 11 30  1458.0
2017 03 13 17 11 31  1450.0
2017 03 13 17 11 32  1443.0
2017 03 13 17 11 33  1436.0
2017 03 13 17 11 34  1429.0
2017 03 13 17 11 35  1417.0
2017 03 13 17 11 36  1447.0
2017 03 13 17 11 37  1447.0
2017 03 13 17 11 38  1459.0
2017 03 13 17 11 39  1457.0
2017 03 13 17 11 40  1436.0
2017 03 13 17 11 41  1450.0
2017 03 13 17 11 42  1436.0
2017 03 13 17 11 43  1439.0
2017 03 13 17 11 44  1450.0
2017 03 13 17 11 45  1433.0
2017 03 13 17 11 46  1439.0
2017 03 13 17 11 47  1422.0
2017 03 13 17 11 48  1406.0
2017 03 13 17 11 49  1421.0
2017 03 13 17 11 50  1432.0
2017 03 13 17 11 51  1487.0
2017 03 13 17 11 52  1408.0
2017 03 13 17 11 53  1399.0
2017 03 13 17 11 54  1398.0
2017 03 13 17 11 55  1396.0
2017 03 13 17 11 56  1418.0
2017 03 13 17 11 57  1484.0
2017 03 13 17 11 58  1438.0
2017 03 13 17 11 59  1445.0
2017 03 13 17 12 00  1460.0
2017 03 13 17 12 01  1451.0
2017 03 13 17 12 02  1410.0
2017 03 13 17 12 03  1454.0
2017 03 13 17 12 04  1444.0
2017 03 13 17 12 05  1439.0
2017 03 13 17 12 06  1443.0
2017 03 13 17 12 07  1424.0
2017 03 13 17 12 08  1416.0
2017 03 13 17 12 09  1430.0
2017 03 13 17 12 10  1434.0
2017 03 13 17 12 11  1412.0
2017 03 13 17 12 12  1441.0
2017 03 13 17 12 13  1423.0
2017 03 13 17 12 14  1480.0
2017 03 13 17 12 15  1487.0
2017 03 13 17 12 16  1427.0
2017 03 13 17 12 17  1421.0
2017 03 13 17 12 18  1440.0
2017 03 13 17 12 19  1444.0
2017 03 13 17 12 20  1440.0
2017 03 13 17 12 21  1437.0
2017 03 13 17 12 22  1440.0
2017 03 13 17 12 23  1485.0
2017 03 13 17 12 24  1436.0
2017 03 13 17 12 25  1400.0
2017 03 13 17 12 26  1463.0
2017 03 13 17 12 27  1451.0
2017 03 13 17 12 28  1433.0
2017 03 13 17 12 29  1458.0
2017 03 13 17 12 30  1452.0
2017 03 13 17 12 31  1428.0
2017 03 13 17 12 32  1448.0
2017 03 13 17 12 33  1460.0
2017 03 13 17 12 34  1431.0
2017 03 13 17 12 35  1413.0
2017 03 13 17 12 36  1397.0
2017 03 13 17 12 37  1532.0
2017 03 13 17 12 38  1558.0
2017 03 13 17 12 39  1415.0
2017 03 13 17 12 40  1397.0
2017 03 13 17 12 41  1396.0
2017 03 13 17 12 42  1397.0
2017 03 13 17 12 43  1402.0
2017 03 13 17 12 44  1540.0
2017 03 13 17 12 45  1568.0
2017 03 13 17 12 46  1429.0
2017 03 13 17 12 47  1398.0
2017 03 13 17 12 48  1398.0
2017 03 13 17 12 49  1395.0
2017 03 13 17 12 50  1396.0
2017 03 13 17 12 51  1394.0
2017 03 13 17 12 52  1393.0
2017 03 13 17 12 53  1398.0
2017 03 13 17 12 54  1394.0
2017 03 13 17 12 55  1410.0
2017 03 13 17 12 56  1398.0
2017 03 13 17 12 57  1398.0
2017 03 13 17 12 58  1398.0
2017 03 13 17 12 59  1424.0
2017 03 13 17 13 00  1422.0
2017 03 13 17 13 01  1450.0
2017 03 13 17 13 02  1399.0
2017 03 13 17 13 03  1435.0
2017 03 13 17 13 04  1463.0
2017 03 13 17 13 05  1402.0
2017 03 13 17 13 06  1407.0
2017 03 13 17 13 07  1411.0
2017 03 13 17 13 08  1419.0
2017 03 13 17 13 09  1411.0
2017 03 13 17 13 10  1404.0
2017 03 13 17 13 11  1402.0
2017 03 13 17 13 12  1429.0
2017 03 13 17 13 13  1452.0
2017 03 13 17 13 14  1412.0
2017 03 13 17 13 15  1432.0
2017 03 13 17 13 16  1449.0
2017 03 13 17 13 17  1406.0
2017 03 13 17 13 18  1425.0
2017 03 13 17 13 19  1427.0
2017 03 13 17 13 20  1405.0
2017 03 13 17 13 21  1425.0
2017 03 13 17 13 22  1434.0
2017 03 13 17 13 23  1405.0
2017 03 13 17 13 24  1440.0
2017 03 13 17 13 25  1422.0
2017 03 13 17 13 26  1399.0
2017 03 13 17 13 27  1398.0
2017 03 13 17 13 28  1397.0
2017 03 13 17 13 29  1423.0
2017 03 13 17 13 30  1446.0
2017 03 13 17 13 31  1407.0
2017 03 13 17 13 32  1397.0
2017 03 13 17 13 33  1397.0
2017 03 13 17 13 34  1398.0
2017 03 13 17 13 35  1399.0
2017 03 13 17 13 36  1438.0
2017 03 13 17 13 37  1400.0
2017 03 13 17 13 38  1399.0
2017 03 13 17 13 39  1439.0
2017 03 13 17 13 40  1397.0
2017 03 13 17 13 41  1391.0
2017 03 13 17 13 42  1407.0
2017 03 13 17 13 43  1395.0
2017 03 13 17 13 44  1432.0
2017 03 13 17 13 45  1400.0
2017 03 13 17 13 46  1413.0
2017 03 13 17 13 47  1400.0
2017 03 13 17 13 48  1413.0
2017 03 13 17 13 49  1434.0
2017 03 13 17 13 50  1399.0
2017 03 13 17 13 51  1409.0
2017 03 13 17 13 52  1410.0
2017 03 13 17 13 53  1394.0
2017 03 13 17 13 54  1401.0
2017 03 13 17 13 55  1395.0
2017 03 13 17 13 56  1396.0
2017 03 13 17 13 57  1395.0
2017 03 13 17 13 58  1396.0
2017 03 13 17 13 59  1398.0
2017 03 13 17 14 00  1430.0
2017 03 13 17 14 01  1396.0
2017 03 13 17 14 02  1394.0
2017 03 13 17 14 03  1395.0
2017 03 13 17 14 04  1398.0
2017 03 13 17 14 05  1396.0
2017 03 13 17 14 06  1395.0
2017 03 13 17 14 07  1403.0
2017 03 13 17 14 08  1407.0
2017 03 13 17 14 09  1400.0
2017 03 13 17 14 10  1393.0
2017 03 13 17 14 11  1396.0
2017 03 13 17 14 12  1394.0
2017 03 13 17 14 13  1393.0
2017 03 13 17 14 14  1393.0
2017 03 13 17 14 15  1393.0
2017 03 13 17 14 16  1394.0
2017 03 13 17 14 17  1394.0
2017 03 13 17 14 18  1393.0
2017 03 13 17 14 19  1405.0
2017 03 13 17 14 20  1407.0
2017 03 13 17 14 21  1410.0
2017 03 13 17 14 22  1404.0
2017 03 13 17 14 23  1396.0
2017 03 13 17 14 24  1395.0
2017 03 13 17 14 25  1394.0
2017 03 13 17 14 26  1395.0
2017 03 13 17 14 27  1395.0
2017 03 13 17 14 28  1395.0
2017 03 13 17 14 29  1395.0
2017 03 13 17 14 30  1394.0
2017 03 13 17 14 31  1424.0
2017 03 13 17 14 32  1457.0
2017 03 13 17 14 33  1399.0
2017 03 13 17 14 34  1440.0
2017 03 13 17 14 35  1401.0
2017 03 13 17 14 36  1425.0
2017 03 13 17 14 37  1396.0
2017 03 13 17 14 38  1423.0
2017 03 13 17 14 39  1436.0
2017 03 13 17 14 40  1393.0
2017 03 13 17 14 41  1402.0
2017 03 13 17 14 42  1452.0
2017 03 13 17 14 43  1403.0
2017 03 13 17 14 44  1398.0
2017 03 13 17 14 45  1424.0
2017 03 13 17 14 46  1408.0
2017 03 13 17 14 47  1392.0
2017 03 13 17 14 48  1440.0
2017 03 13 17 14 49  1400.0
2017 03 13 17 14 50  1410.0
2017 03 13 17 14 51  1417.0
2017 03 13 17 14 52  1392.0
2017 03 13 17 14 53  1406.0
2017 03 13 17 14 54  1436.0
2017 03 13 17 14 55  1398.0
2017 03 13 17 14 56  1401.0
2017 03 13 17 14 57  1443.0
2017 03 13 17 14 58  1396.0
2017 03 13 17 14 59  1398.0
2017 03 13 17 15 00  1441.0
2017 03 13 17 15 01  1396.0
2017 03 13 17 15 02  1396.0
2017 03 13 17 15 03  1431.0
2017 03 13 17 15 04  1393.0
2017 03 13 17 15 05  1392.0
2017 03 13 17 15 06  1393.0
2017 03 13 17 15 07  1402.0
2017 03 13 17 15 08  1392.0
2017 03 13 17 15 09  1393.0
2017 03 13 17 15 10  1400.0
2017 03 13 17 15 11  1400.0
2017 03 13 17 15 12  1397.0
2017 03 13 17 15 13  1421.0
2017 03 13 17 15 14  1398.0
2017 03 13 17 15 15  1408.0
2017 03 13 17 15 16  1406.0
2017 03 13 17 15 17  1396.0
2017 03 13 17 15 18  1428.0
2017 03 13 17 15 19  1461.0
2017 03 13 17 15 20  1474.0
2017 03 13 17 15 21  1403.0
2017 03 13 17 15 22  1395.0
2017 03 13 17 15 23  1394.0
2017 03 13 17 15 24  1393.0
2017 03 13 17 15 25  1456.0
2017 03 13 17 15 26  1539.0
2017 03 13 17 15 27  1515.0
2017 03 13 17 15 28  1403.0
2017 03 13 17 15 29  1498.0
2017 03 13 17 15 30  1518.0
2017 03 13 17 15 31  1401.0
2017 03 13 17 15 32  1393.0
2017 03 13 17 15 33  1391.0
2017 03 13 17 15 34  1393.0
2017 03 13 17 15 35  1388.0
2017 03 13 17 15 36  1389.0
2017 03 13 17 15 37  1390.0
2017 03 13 17 15 38  1391.0
2017 03 13 17 15 39  1393.0
2017 03 13 17 15 40  1394.0
2017 03 13 17 15 41  1393.0
2017 03 13 17 15 42  1390.0
2017 03 13 17 15 43  1391.0
2017 03 13 17 15 44  1392.0
2017 03 13 17 15 45  1392.0
2017 03 13 17 15 46  1392.0
2017 03 13 17 15 47  1391.0
2017 03 13 17 15 48  1391.0
2017 03 13 17 15 49  1391.0
2017 03 13 17 15 50  1391.0
2017 03 13 17 15 51  1393.0
2017 03 13 17 15 52  1393.0
2017 03 13 17 15 53  1391.0
2017 03 13 17 15 54  1391.0
2017 03 13 17 15 55  1397.0
2017 03 13 17 15 56  1422.0
2017 03 13 17 15 57  1394.0
2017 03 13 17 15 58  1391.0
2017 03 13 17 15 59  1390.0
2017 03 13 17 16 00  1393.0
2017 03 13 17 16 01  1394.0
2017 03 13 17 16 02  1393.0
2017 03 13 17 16 03  1395.0
2017 03 13 17 16 04  1393.0
2017 03 13 17 16 05  1395.0
2017 03 13 17 16 06  1393.0
2017 03 13 17 16 07  1396.0
2017 03 13 17 16 08  1395.0
2017 03 13 17 16 09  1395.0
2017 03 13 17 16 10  1394.0
2017 03 13 17 16 11  1396.0
2017 03 13 17 16 12  1396.0
2017 03 13 17 16 13  1396.0
2017 03 13 17 16 14  1394.0
2017 03 13 17 16 15  1390.0
2017 03 13 17 16 16  1393.0
2017 03 13 17 16 17  1416.0
2017 03 13 17 16 18  1420.0
2017 03 13 17 16 19  1420.0
2017 03 13 17 16 20  1419.0
2017 03 13 17 16 21  1418.0
2017 03 13 17 16 22  1396.0
2017 03 13 17 16 23  1394.0
2017 03 13 17 16 24  1394.0
2017 03 13 17 16 25  1394.0
2017 03 13 17 16 26  1393.0
2017 03 13 17 16 27  1393.0
2017 03 13 17 16 28  1394.0
2017 03 13 17 16 29  1393.0
2017 03 13 17 16 30  1393.0
2017 03 13 17 16 31  1391.0
2017 03 13 17 16 32  1392.0
2017 03 13 17 16 33  1398.0
2017 03 13 17 16 34  1394.0
2017 03 13 17 16 35  1391.0
2017 03 13 17 16 36  1392.0
2017 03 13 17 16 37  1392.0
2017 03 13 17 16 38  1395.0
2017 03 13 17 16 39  1396.0
2017 03 13 17 16 40  1393.0
2017 03 13 17 16 41  1394.0
2017 03 13 17 16 42  1390.0
2017 03 13 17 16 43  1400.0
2017 03 13 17 16 44  1396.0
2017 03 13 17 16 45  1395.0
2017 03 13 17 16 46  1396.0
2017 03 13 17 16 47  1408.0
2017 03 13 17 16 48  1410.0
2017 03 13 17 16 49  1427.0
2017 03 13 17 16 50  1397.0
2017 03 13 17 16 51  1437.0
2017 03 13 17 16 52  1394.0
2017 03 13 17 16 53  1444.0
2017 03 13 17 16 54  1461.0
2017 03 13 17 16 55  1396.0
2017 03 13 17 16 56  1420.0
2017 03 13 17 16 57  1452.0
2017 03 13 17 16 58  1423.0
2017 03 13 17 16 59  1392.0
2017 03 13 17 17 00  1434.0
2017 03 13 17 17 01  1421.0
2017 03 13 17 17 02  1399.0
2017 03 13 17 17 03  1399.0
2017 03 13 17 17 04  1390.0
2017 03 13 17 17 05  1389.0
2017 03 13 17 17 06  1391.0
2017 03 13 17 17 07  1391.0
2017 03 13 17 17 08  1392.0
2017 03 13 17 17 09  1400.0
2017 03 13 17 17 10  1392.0
2017 03 13 17 17 11  1393.0
2017 03 13 17 17 12  1396.0
2017 03 13 17 17 13  1400.0
2017 03 13 17 17 14  1409.0
2017 03 13 17 17 15  1393.0
2017 03 13 17 17 16  1391.0
2017 03 13 17 17 17  1391.0
2017 03 13 17 17 18  1392.0
2017 03 13 17 17 19  1392.0
2017 03 13 17 17 20  1392.0
2017 03 13 17 17 21  1391.0
2017 03 13 17 17 22  1392.0
2017 03 13 17 17 23  1393.0
2017 03 13 17 17 24  1393.0
2017 03 13 17 17 25  1392.0
2017 03 13 17 17 26  1391.0
2017 03 13 17 17 27  1389.0
2017 03 13 17 17 28  1392.0
2017 03 13 17 17 29  1388.0
2017 03 13 17 17 30  1387.0
2017 03 13 17 17 31  1389.0
2017 03 13 17 17 32  1391.0
2017 03 13 17 17 33  1391.0
2017 03 13 17 17 34  1392.0
2017 03 13 17 17 35  1391.0
2017 03 13 17 17 36  1392.0
2017 03 13 17 17 37  1389.0
2017 03 13 17 17 38  1388.0
2017 03 13 17 17 39  1391.0
2017 03 13 17 17 40  1391.0
2017 03 13 17 17 41  1389.0
2017 03 13 17 17 42  1389.0
2017 03 13 17 17 43  1388.0
2017 03 13 17 17 44  1388.0
2017 03 13 17 17 45  1389.0
2017 03 13 17 17 46  1390.0
2017 03 13 17 17 47  1390.0
2017 03 13 17 17 48  1389.0
2017 03 13 17 17 49  1390.0
2017 03 13 17 17 50  1390.0
2017 03 13 17 17 51  1390.0
2017 03 13 17 17 52  1392.0
2017 03 13 17 17 53  1390.0
2017 03 13 17 17 54  1389.0
2017 03 13 17 17 55  1392.0
2017 03 13 17 17 56  1391.0
2017 03 13 17 17 57  1394.0
2017 03 13 17 17 58  1394.0
2017 03 13 17 17 59  1390.0
2017 03 13 17 18 00  1390.0
2017 03 13 17 18 01  1390.0
2017 03 13 17 18 02  1390.0
2017 03 13 17 18 03  1392.0
2017 03 13 17 18 04  1390.0
2017 03 13 17 18 05  1390.0
2017 03 13 17 18 06  1390.0
2017 03 13 17 18 07  1391.0
2017 03 13 17 18 08  1392.0
2017 03 13 17 18 09  1391.0
2017 03 13 17 18 10  1389.0
2017 03 13 17 18 11  1389.0
2017 03 13 17 18 12  1389.0
2017 03 13 17 18 13  1391.0
2017 03 13 17 18 14  1389.0
2017 03 13 17 18 15  1390.0
2017 03 13 17 18 16  1389.0
2017 03 13 17 18 17  1390.0
2017 03 13 17 18 18  1390.0
2017 03 13 17 18 19  1392.0
2017 03 13 17 18 20  1389.0
2017 03 13 17 18 21  1390.0
2017 03 13 17 18 22  1388.0
2017 03 13 17 18 23  1385.0
2017 03 13 17 18 24  1385.0
2017 03 13 17 18 25  1387.0
2017 03 13 17 18 26  1389.0
2017 03 13 17 18 27  1389.0
2017 03 13 17 18 28  1391.0
2017 03 13 17 18 29  1391.0
2017 03 13 17 18 30  1392.0
2017 03 13 17 18 31  1389.0
2017 03 13 17 18 32  1388.0
2017 03 13 17 18 33  1388.0
2017 03 13 17 18 34  1390.0
2017 03 13 17 18 35  1391.0
2017 03 13 17 18 36  1389.0
2017 03 13 17 18 37  1388.0
2017 03 13 17 18 38  1388.0
2017 03 13 17 18 39  1388.0
2017 03 13 17 18 40  1391.0
2017 03 13 17 18 41  1391.0
2017 03 13 17 18 42  1390.0
2017 03 13 17 18 43  1389.0
2017 03 13 17 18 44  1389.0
2017 03 13 17 18 45  1390.0
2017 03 13 17 18 46  1391.0
2017 03 13 17 18 47  1390.0
2017 03 13 17 18 48  1389.0
2017 03 13 17 18 49  1389.0
2017 03 13 17 18 50  1390.0
2017 03 13 17 18 51  1390.0
2017 03 13 17 18 52  1401.0
2017 03 13 17 18 53  1391.0
2017 03 13 17 18 54  1394.0
2017 03 13 17 18 55  1390.0
2017 03 13 17 18 56  1391.0
2017 03 13 17 18 57  1391.0
2017 03 13 17 18 58  1390.0
2017 03 13 17 18 59  1390.0
2017 03 13 17 19 00  1390.0
2017 03 13 17 19 01  1390.0
2017 03 13 17 19 02  1391.0
2017 03 13 17 19 03  1390.0
2017 03 13 17 19 04  1389.0
2017 03 13 17 19 05  1388.0
2017 03 13 17 19 06  1390.0
2017 03 13 17 19 07  1391.0
2017 03 13 17 19 08  1392.0
2017 03 13 17 19 09  1390.0
2017 03 13 17 19 10  1390.0
2017 03 13 17 19 11  1389.0
2017 03 13 17 19 12  1389.0
2017 03 13 17 19 13  1389.0
2017 03 13 17 19 14  1391.0
2017 03 13 17 19 15  1390.0
2017 03 13 17 19 16  1387.0
2017 03 13 17 19 17  1390.0
2017 03 13 17 19 18  1389.0
2017 03 13 17 19 19  1386.0
2017 03 13 17 19 20  1386.0
2017 03 13 17 19 21  1388.0
2017 03 13 17 19 22  1390.0
2017 03 13 17 19 23  1391.0
2017 03 13 17 19 24  1390.0
2017 03 13 17 19 25  1390.0
2017 03 13 17 19 26  1389.0
2017 03 13 17 19 27  1387.0
2017 03 13 17 19 28  1389.0
2017 03 13 17 19 29  1389.0
2017 03 13 17 19 30  1390.0
2017 03 13 17 19 31  1388.0
2017 03 13 17 19 32  1387.0
2017 03 13 17 19 33  1389.0
2017 03 13 17 19 34  1390.0
2017 03 13 17 19 35  1390.0
2017 03 13 17 19 36  1390.0
2017 03 13 17 19 37  1388.0
2017 03 13 17 19 38  1389.0
2017 03 13 17 19 39  1388.0
2017 03 13 17 19 40  1390.0
2017 03 13 17 19 41  1391.0
2017 03 13 17 19 42  1388.0
2017 03 13 17 19 43  1388.0
2017 03 13 17 19 44  1389.0
2017 03 13 17 19 45  1390.0
2017 03 13 17 19 46  1390.0
2017 03 13 17 19 47  1394.0
2017 03 13 17 19 48  1388.0
2017 03 13 17 19 49  1389.0
2017 03 13 17 19 50  1390.0
2017 03 13 17 19 51  1389.0
2017 03 13 17 19 52  1391.0
2017 03 13 17 19 53  1390.0
2017 03 13 17 19 54  1389.0
2017 03 13 17 19 55  1389.0
2017 03 13 17 19 56  1390.0
2017 03 13 17 19 57  1392.0
2017 03 13 17 19 58  1389.0
2017 03 13 17 19 59  1388.0
2017 03 13 17 20 00  1388.0
2017 03 13 17 20 01  1389.0
2017 03 13 17 20 02  1390.0
2017 03 13 17 20 03  1390.0
2017 03 13 17 20 04  1389.0
2017 03 13 17 20 05  1390.0
2017 03 13 17 20 06  1389.0
2017 03 13 17 20 07  1389.0
2017 03 13 17 20 08  1389.0
2017 03 13 17 20 09  1390.0
2017 03 13 17 20 10  1388.0
2017 03 13 17 20 11  1385.0
2017 03 13 17 20 12  1388.0
2017 03 13 17 20 13  1384.0
2017 03 13 17 20 14  1386.0
2017 03 13 17 20 15  1388.0
2017 03 13 17 20 16  1389.0
2017 03 13 17 20 17  1389.0
2017 03 13 17 20 18  1391.0
2017 03 13 17 20 19  1391.0
2017 03 13 17 20 20  1389.0
2017 03 13 17 20 21  1389.0
2017 03 13 17 20 22  1778.0
2017 03 13 17 20 23  1791.0
2017 03 13 17 20 24  1793.0
2017 03 13 17 20 25  1792.0
2017 03 13 17 20 26  1808.0
2017 03 13 17 20 27  1818.0
2017 03 13 17 20 28  1802.0
2017 03 13 17 20 29  1837.0
2017 03 13 17 20 30  1794.0
2017 03 13 17 20 31  1815.0
2017 03 13 17 20 32  1824.0
2017 03 13 17 20 33  1794.0
2017 03 13 17 20 34  1814.0
2017 03 13 17 20 35  1839.0
2017 03 13 17 20 36  1822.0
2017 03 13 17 20 37  1795.0
2017 03 13 17 20 38  1807.0
2017 03 13 17 20 39  1820.0
2017 03 13 17 20 40  1796.0
2017 03 13 17 20 41  1810.0
2017 03 13 17 20 42  1818.0
2017 03 13 17 20 43  1796.0
2017 03 13 17 20 44  1809.0
2017 03 13 17 20 45  1797.0
2017 03 13 17 20 46  1797.0
2017 03 13 17 20 47  1824.0
2017 03 13 17 20 48  1794.0
2017 03 13 17 20 49  1815.0
2017 03 13 17 20 50  1792.0
2017 03 13 17 20 51  1791.0
2017 03 13 17 20 52  1806.0
2017 03 13 17 20 53  1835.0
2017 03 13 17 20 54  1798.0
2017 03 13 17 20 55  1815.0
2017 03 13 17 20 56  1795.0
2017 03 13 17 20 57  1786.0
2017 03 13 17 20 58  1788.0
2017 03 13 17 20 59  1790.0
2017 03 13 17 21 00  1790.0
2017 03 13 17 21 01  1790.0
2017 03 13 17 21 02  1815.0
2017 03 13 17 21 03  1791.0
2017 03 13 17 21 04  1822.0
2017 03 13 17 21 05  1794.0
2017 03 13 17 21 06  1812.0
2017 03 13 17 21 07  1806.0
2017 03 13 17 21 08  1812.0
2017 03 13 17 21 09  1811.0
2017 03 13 17 21 10  1797.0
2017 03 13 17 21 11  1790.0
2017 03 13 17 21 12  1789.0
2017 03 13 17 21 13  1790.0
2017 03 13 17 21 14  1788.0
2017 03 13 17 21 15  1787.0
2017 03 13 17 21 16  1789.0
2017 03 13 17 21 17  1798.0
2017 03 13 17 21 18  1788.0
2017 03 13 17 21 19  1789.0
2017 03 13 17 21 20  1788.0
2017 03 13 17 21 21  1790.0
2017 03 13 17 21 22  1786.0
2017 03 13 17 21 23  1787.0
2017 03 13 17 21 24  1788.0
2017 03 13 17 21 25  1789.0
2017 03 13 17 21 26  1787.0
2017 03 13 17 21 27  1787.0
2017 03 13 17 21 28  1788.0
2017 03 13 17 21 29  1788.0
2017 03 13 17 21 30  1787.0
2017 03 13 17 21 31  1789.0
2017 03 13 17 21 32  1788.0
2017 03 13 17 21 33  1789.0
2017 03 13 17 21 34  1788.0
2017 03 13 17 21 35  1784.0
2017 03 13 17 21 36  1783.0
2017 03 13 17 21 37  1783.0
2017 03 13 17 21 38  1785.0
2017 03 13 17 21 39  1787.0
2017 03 13 17 21 40  1788.0
2017 03 13 17 21 41  1833.0
2017 03 13 17 21 42  1799.0
2017 03 13 17 21 43  1819.0
2017 03 13 17 21 44  1839.0
2017 03 13 17 21 45  1794.0
2017 03 13 17 21 46  1804.0
2017 03 13 17 21 47  1830.0
2017 03 13 17 21 48  1857.0
2017 03 13 17 21 49  1802.0
2017 03 13 17 21 50  1792.0
2017 03 13 17 21 51  1816.0
2017 03 13 17 21 52  1855.0
2017 03 13 17 21 53  1799.0
2017 03 13 17 21 54  1793.0
2017 03 13 17 21 55  1790.0
2017 03 13 17 21 56  1795.0
2017 03 13 17 21 57  1789.0
2017 03 13 17 21 58  1794.0
2017 03 13 17 21 59  1826.0
2017 03 13 17 22 00  1798.0
2017 03 13 17 22 01  1812.0
2017 03 13 17 22 02  1846.0
2017 03 13 17 22 03  1794.0
2017 03 13 17 22 04  1788.0
2017 03 13 17 22 05  1790.0
2017 03 13 17 22 06  1787.0
2017 03 13 17 22 07  1786.0
2017 03 13 17 22 08  1785.0
2017 03 13 17 22 09  1786.0
2017 03 13 17 22 10  1788.0
2017 03 13 17 22 11  1787.0
2017 03 13 17 22 12  1801.0
2017 03 13 17 22 13  1803.0
2017 03 13 17 22 14  1792.0
2017 03 13 17 22 15  1788.0
2017 03 13 17 22 16  1782.0
2017 03 13 17 22 17  1810.0
2017 03 13 17 22 18  1863.0
2017 03 13 17 22 19  1805.0
2017 03 13 17 22 20  1812.0
2017 03 13 17 22 21  1905.0
2017 03 13 17 22 22  1794.0
2017 03 13 17 22 23  1786.0
2017 03 13 17 22 24  1845.0
2017 03 13 17 22 25  1857.0
2017 03 13 17 22 26  1793.0
2017 03 13 17 22 27  1822.0
2017 03 13 17 22 28  1847.0
2017 03 13 17 22 29  1790.0
2017 03 13 17 22 30  1787.0
2017 03 13 17 22 31  1785.0
2017 03 13 17 22 32  1786.0
2017 03 13 17 22 33  1785.0
2017 03 13 17 22 34  1786.0
2017 03 13 17 22 35  1786.0
2017 03 13 17 22 36  1785.0
2017 03 13 17 22 37  1791.0
2017 03 13 17 22 38  1791.0
2017 03 13 17 22 39  1787.0
2017 03 13 17 22 40  1788.0
2017 03 13 17 22 41  1786.0
2017 03 13 17 22 42  1785.0
2017 03 13 17 22 43  1785.0
2017 03 13 17 22 44  1786.0
2017 03 13 17 22 45  1787.0
2017 03 13 17 22 46  1788.0
2017 03 13 17 22 47  1785.0
2017 03 13 17 22 48  1784.0
2017 03 13 17 22 49  1802.0
2017 03 13 17 22 50  1816.0
2017 03 13 17 22 51  1821.0
2017 03 13 17 22 52  1814.0
2017 03 13 17 22 53  1813.0
2017 03 13 17 22 54  1821.0
2017 03 13 17 22 55  1830.0
2017 03 13 17 22 56  1822.0
2017 03 13 17 22 57  1819.0
2017 03 13 17 22 58  1820.0
2017 03 13 17 22 59  1821.0
2017 03 13 17 23 00  1820.0
2017 03 13 17 23 01  1819.0
2017 03 13 17 23 02  1818.0
2017 03 13 17 23 03  1820.0
2017 03 13 17 23 04  1819.0
2017 03 13 17 23 05  1818.0
2017 03 13 17 23 06  1818.0
2017 03 13 17 23 07  1819.0
2017 03 13 17 23 08  1817.0
2017 03 13 17 23 09  1817.0
2017 03 13 17 23 10  1808.0
2017 03 13 17 23 11  1812.0
2017 03 13 17 23 12  1815.0
2017 03 13 17 23 13  1798.0
2017 03 13 17 23 14  1808.0
2017 03 13 17 23 15  1802.0
2017 03 13 17 23 16  1798.0
2017 03 13 17 23 17  1800.0
2017 03 13 17 23 18  1793.0
2017 03 13 17 23 19  1785.0
2017 03 13 17 23 20  1782.0
2017 03 13 17 23 21  1785.0
2017 03 13 17 23 22  1784.0
2017 03 13 17 23 23  1783.0
2017 03 13 17 23 24  1785.0
2017 03 13 17 23 25  1784.0
2017 03 13 17 23 26  1783.0
2017 03 13 17 23 27  1784.0
2017 03 13 17 23 28  1783.0
2017 03 13 17 23 29  1784.0
2017 03 13 17 23 30  1786.0
2017 03 13 17 23 31  1782.0
2017 03 13 17 23 32  1784.0
2017 03 13 17 23 33  1784.0
2017 03 13 17 23 34  1784.0
2017 03 13 17 23 35  1784.0
2017 03 13 17 23 36  1783.0
2017 03 13 17 23 37  1783.0
2017 03 13 17 23 38  1784.0
2017 03 13 17 23 39  1785.0
2017 03 13 17 23 40  1783.0
2017 03 13 17 23 41  1786.0
2017 03 13 17 23 42  1786.0
2017 03 13 17 23 43  1786.0
2017 03 13 17 23 44  1783.0
2017 03 13 17 23 45  1781.0
2017 03 13 17 23 46  1781.0
2017 03 13 17 23 47  1784.0
2017 03 13 17 23 48  1785.0
2017 03 13 17 23 49  1785.0
2017 03 13 17 23 50  1785.0
2017 03 13 17 23 51  1784.0
2017 03 13 17 23 52  1788.0
2017 03 13 17 23 53  1794.0
2017 03 13 17 23 54  1799.0
2017 03 13 17 23 55  1803.0
2017 03 13 17 23 56  1808.0
2017 03 13 17 23 57  1808.0
2017 03 13 17 23 58  1810.0
2017 03 13 17 23 59  1811.0
2017 03 13 17 24 00  1811.0
2017 03 13 17 24 01  1811.0
2017 03 13 17 24 02  1809.0
2017 03 13 17 24 03  1810.0
2017 03 13 17 24 04  1809.0
2017 03 13 17 24 05  1809.0
2017 03 13 17 24 06  1808.0
2017 03 13 17 24 07  1813.0
2017 03 13 17 24 08  1830.0
2017 03 13 17 24 09  1824.0
2017 03 13 17 24 10  1809.0
2017 03 13 17 24 11  1800.0
2017 03 13 17 24 12  1800.0
2017 03 13 17 24 13  1843.0
2017 03 13 17 24 14  1792.0
2017 03 13 17 24 15  1835.0
2017 03 13 17 24 16  1810.0
2017 03 13 17 24 17  1779.0
2017 03 13 17 24 18  1783.0
2017 03 13 17 24 19  1779.0
2017 03 13 17 24 20  1781.0
2017 03 13 17 24 21  1781.0
2017 03 13 17 24 22  1784.0
2017 03 13 17 24 23  1784.0
2017 03 13 17 24 24  1780.0
2017 03 13 17 24 25  1781.0
2017 03 13 17 24 26  1781.0
2017 03 13 17 24 27  1780.0
2017 03 13 17 24 28  1780.0
2017 03 13 17 24 29  1780.0
2017 03 13 17 24 30  1783.0
2017 03 13 17 24 31  1783.0
2017 03 13 17 24 32  1783.0
2017 03 13 17 24 33  1782.0
2017 03 13 17 24 34  1782.0
2017 03 13 17 24 35  1781.0
2017 03 13 17 24 36  1780.0
2017 03 13 17 24 37  1783.0
2017 03 13 17 24 38  1782.0
2017 03 13 17 24 39  1789.0
2017 03 13 17 24 40  1783.0
2017 03 13 17 24 41  1785.0
2017 03 13 17 24 42  1781.0
2017 03 13 17 24 43  1782.0
2017 03 13 17 24 44  1783.0
2017 03 13 17 24 45  1782.0
2017 03 13 17 24 46  1783.0
2017 03 13 17 24 47  1783.0
2017 03 13 17 24 48  1786.0
2017 03 13 17 24 49  1802.0
2017 03 13 17 24 50  1811.0
2017 03 13 17 24 51  1813.0
2017 03 13 17 24 52  1814.0
2017 03 13 17 24 53  1815.0
2017 03 13 17 24 54  1815.0
2017 03 13 17 24 55  1815.0
2017 03 13 17 24 56  1814.0
2017 03 13 17 24 57  1814.0
2017 03 13 17 24 58  1812.0
2017 03 13 17 24 59  1813.0
2017 03 13 17 25 00  1814.0
2017 03 13 17 25 01  1813.0
2017 03 13 17 25 02  1811.0
2017 03 13 17 25 03  1810.0
2017 03 13 17 25 04  1814.0
2017 03 13 17 25 05  1812.0
2017 03 13 17 25 06  1813.0
2017 03 13 17 25 07  1811.0
2017 03 13 17 25 08  1811.0
2017 03 13 17 25 09  1813.0
2017 03 13 17 25 10  1813.0
2017 03 13 17 25 11  1811.0
2017 03 13 17 25 12  1812.0
2017 03 13 17 25 13  1812.0
2017 03 13 17 25 14  1809.0
2017 03 13 17 25 15  1784.0
2017 03 13 17 25 16  1782.0
2017 03 13 17 25 17  1784.0
2017 03 13 17 25 18  1785.0
2017 03 13 17 25 19  1784.0
2017 03 13 17 25 20  1784.0
2017 03 13 17 25 21  1784.0
2017 03 13 17 25 22  1779.0
2017 03 13 17 25 23  1779.0
2017 03 13 17 25 24  1779.0
2017 03 13 17 25 25  1779.0
2017 03 13 17 25 26  1782.0
2017 03 13 17 25 27  1782.0
2017 03 13 17 25 28  1781.0
2017 03 13 17 25 29  1782.0
2017 03 13 17 25 30  1780.0
2017 03 13 17 25 31  1778.0
2017 03 13 17 25 32  1780.0
2017 03 13 17 25 33  1779.0
2017 03 13 17 25 34  1780.0
2017 03 13 17 25 35  1780.0
2017 03 13 17 25 36  1781.0
2017 03 13 17 25 37  1780.0
2017 03 13 17 25 38  1785.0
2017 03 13 17 25 39  1793.0
2017 03 13 17 25 40  1781.0
2017 03 13 17 25 41  1788.0
2017 03 13 17 25 42  1794.0
2017 03 13 17 25 43  1844.0
2017 03 13 17 25 44  1861.0
2017 03 13 17 25 45  1789.0
2017 03 13 17 25 46  1876.0
2017 03 13 17 25 47  1797.0
2017 03 13 17 25 48  1872.0
2017 03 13 17 25 49  1794.0
2017 03 13 17 25 50  1852.0
2017 03 13 17 25 51  1846.0
2017 03 13 17 25 52  1795.0
2017 03 13 17 25 53  1836.0
2017 03 13 17 25 54  1784.0
2017 03 13 17 25 55  1779.0
2017 03 13 17 25 56  1780.0
2017 03 13 17 25 57  1780.0
2017 03 13 17 25 58  1782.0
2017 03 13 17 25 59  1779.0
2017 03 13 17 26 00  1780.0
2017 03 13 17 26 01  1781.0
2017 03 13 17 26 02  1780.0
2017 03 13 17 26 03  1777.0
2017 03 13 17 26 04  1802.0
2017 03 13 17 26 05  1790.0
2017 03 13 17 26 06  1796.0
2017 03 13 17 26 07  1804.0
2017 03 13 17 26 08  1817.0
2017 03 13 17 26 09  1797.0
2017 03 13 17 26 10  1816.0
2017 03 13 17 26 11  1783.0
2017 03 13 17 26 12  1842.0
2017 03 13 17 26 13  1781.0
2017 03 13 17 26 14  1819.0
2017 03 13 17 26 15  1782.0
2017 03 13 17 26 16  1816.0
2017 03 13 17 26 17  1813.0
2017 03 13 17 26 18  1784.0
2017 03 13 17 26 19  1839.0
2017 03 13 17 26 20  1809.0
2017 03 13 17 26 21  1785.0
2017 03 13 17 26 22  1828.0
2017 03 13 17 26 23  1813.0
2017 03 13 17 26 24  1783.0
2017 03 13 17 26 25  1844.0
2017 03 13 17 26 26  1811.0
2017 03 13 17 26 27  1779.0
2017 03 13 17 26 28  1829.0
2017 03 13 17 26 29  1860.0
2017 03 13 17 26 30  1785.0
2017 03 13 17 26 31  1781.0
2017 03 13 17 26 32  1779.0
2017 03 13 17 26 33  1780.0
2017 03 13 17 26 34  1780.0
2017 03 13 17 26 35  1779.0
2017 03 13 17 26 36  1778.0
2017 03 13 17 26 37  1779.0
2017 03 13 17 26 38  1779.0
2017 03 13 17 26 39  1780.0
2017 03 13 17 26 40  1778.0
2017 03 13 17 26 41  1779.0
2017 03 13 17 26 42  1780.0
2017 03 13 17 26 43  1776.0
2017 03 13 17 26 44  1773.0
2017 03 13 17 26 45  1774.0
2017 03 13 17 26 46  1778.0
2017 03 13 17 26 47  1779.0
2017 03 13 17 26 48  1781.0
2017 03 13 17 26 49  1780.0
2017 03 13 17 26 50  1780.0
2017 03 13 17 26 51  1779.0
2017 03 13 17 26 52  1777.0
2017 03 13 17 26 53  1779.0
2017 03 13 17 26 54  1780.0
2017 03 13 17 26 55  1778.0
2017 03 13 17 26 56  1778.0
2017 03 13 17 26 57  1779.0
2017 03 13 17 26 58  1778.0
2017 03 13 17 26 59  1778.0
2017 03 13 17 27 00  1778.0
2017 03 13 17 27 01  1778.0
2017 03 13 17 27 02  1779.0
2017 03 13 17 27 03  1780.0
2017 03 13 17 27 04  1778.0
2017 03 13 17 27 05  1777.0
2017 03 13 17 27 06  1781.0
2017 03 13 17 27 07  1781.0
2017 03 13 17 27 08  1778.0
2017 03 13 17 27 09  1778.0
2017 03 13 17 27 10  1777.0
2017 03 13 17 27 11  1779.0
2017 03 13 17 27 12  1780.0
2017 03 13 17 27 13  1779.0
2017 03 13 17 27 14  1778.0
2017 03 13 17 27 15  1779.0
2017 03 13 17 27 16  1778.0
2017 03 13 17 27 17  1779.0
2017 03 13 17 27 18  1780.0
2017 03 13 17 27 19  1780.0
2017 03 13 17 27 20  1779.0
2017 03 13 17 27 21  1778.0
2017 03 13 17 27 22  1779.0
2017 03 13 17 27 23  1776.0
2017 03 13 17 27 24  1775.0
2017 03 13 17 27 25  1774.0
2017 03 13 17 27 26  1774.0
2017 03 13 17 27 27  1776.0
2017 03 13 17 27 28  1779.0
2017 03 13 17 27 29  1778.0
2017 03 13 17 27 30  1776.0
2017 03 13 17 27 31  1776.0
2017 03 13 17 27 32  1777.0
2017 03 13 17 27 33  1777.0
2017 03 13 17 27 34  1778.0
2017 03 13 17 27 35  1778.0
2017 03 13 17 27 36  1779.0
2017 03 13 17 27 37  1778.0
2017 03 13 17 27 38  1777.0
2017 03 13 17 27 39  1776.0
2017 03 13 17 27 40  1778.0
2017 03 13 17 27 41  1777.0
2017 03 13 17 27 42  1778.0
2017 03 13 17 27 43  1778.0
2017 03 13 17 27 44  1779.0
2017 03 13 17 27 45  1779.0
2017 03 13 17 27 46  1789.0
2017 03 13 17 27 47  1778.0
2017 03 13 17 27 48  1779.0
2017 03 13 17 27 49  1777.0
2017 03 13 17 27 50  1777.0
2017 03 13 17 27 51  1779.0
2017 03 13 17 27 52  1779.0
2017 03 13 17 27 53  1776.0
2017 03 13 17 27 54  1778.0
2017 03 13 17 27 55  1783.0
2017 03 13 17 27 56  1801.0
2017 03 13 17 27 57  1805.0
2017 03 13 17 27 58  1814.0
2017 03 13 17 27 59  1814.0
2017 03 13 17 28 00  1814.0
2017 03 13 17 28 01  1823.0
2017 03 13 17 28 02  1808.0
2017 03 13 17 28 03  1810.0
2017 03 13 17 28 04  1813.0
2017 03 13 17 28 05  1778.0
2017 03 13 17 28 06  1779.0
2017 03 13 17 28 07  1779.0
2017 03 13 17 28 08  1779.0
2017 03 13 17 28 09  1775.0
2017 03 13 17 28 10  1778.0
2017 03 13 17 28 11  1774.0
2017 03 13 17 28 12  1773.0
2017 03 13 17 28 13  1776.0
2017 03 13 17 28 14  1778.0
2017 03 13 17 28 15  1780.0
2017 03 13 17 28 16  1779.0
2017 03 13 17 28 17  1777.0
2017 03 13 17 28 18  1777.0
2017 03 13 17 28 19  1776.0
2017 03 13 17 28 20  1775.0
2017 03 13 17 28 21  1777.0
2017 03 13 17 28 22  1777.0
2017 03 13 17 28 23  1777.0
2017 03 13 17 28 24  1778.0
2017 03 13 17 28 25  1778.0
2017 03 13 17 28 26  1777.0
2017 03 13 17 28 27  1777.0
2017 03 13 17 28 28  1777.0
2017 03 13 17 28 29  1776.0
2017 03 13 17 28 30  1777.0
2017 03 13 17 28 31  1777.0
2017 03 13 17 28 32  1788.0
2017 03 13 17 28 33  1775.0
2017 03 13 17 28 34  1776.0
2017 03 13 17 28 35  1778.0
2017 03 13 17 28 36  1778.0
2017 03 13 17 28 37  1777.0
