[2017-03-12T20:50:45.107Z, 3600.0, 51.0, 1847.0]
[2017-03-12T20:50:46.111Z, 3600.0, 51.0, 1846.0]
[2017-03-12T20:50:47.107Z, 3600.0, 51.0, 1846.0]
[2017-03-12T20:50:48.106Z, 3600.0, 51.0, 1845.0]
[2017-03-12T20:50:49.108Z, 3600.0, 51.0, 1844.0]
[2017-03-12T20:50:50.108Z, 3600.0, 51.0, 1843.0]
[2017-03-12T20:50:51.109Z, 3600.0, 51.0, 1843.0]
[2017-03-12T20:50:52.109Z, 3600.0, 51.0, 1844.0]
[2017-03-12T20:50:53.109Z, 3600.0, 51.0, 1844.0]
[2017-03-12T20:50:54.11Z, 3600.0, 51.0, 1843.0]
[2017-03-12T20:50:55.11Z, 3600.0, 51.0, 1843.0]
[2017-03-12T20:50:56.11Z, 3600.0, 51.0, 1842.0]
[2017-03-12T20:50:57.11Z, 3600.0, 51.0, 1842.0]
[2017-03-12T20:50:58.11Z, 3600.0, 51.0, 1843.0]
[2017-03-12T20:50:59.111Z, 3600.0, 51.0, 1841.0]
[2017-03-12T20:51:00.112Z, 3600.0, 51.0, 1842.0]
[2017-03-12T20:51:01.113Z, 3600.0, 51.0, 1841.0]
[2017-03-12T20:51:02.112Z, 3600.0, 51.0, 1841.0]
[2017-03-12T20:51:03.112Z, 3600.0, 50.0, 1840.0]
[2017-03-12T20:51:04.113Z, 3600.0, 50.0, 1841.0]
[2017-03-12T20:51:05.113Z, 3600.0, 51.0, 1842.0]
[2017-03-12T20:51:06.11Z, 3600.0, 51.0, 1841.0]
[2017-03-12T20:51:07.11Z, 3600.0, 51.0, 1842.0]
[2017-03-12T20:51:08.11Z, 3600.0, 51.0, 1841.0]
[2017-03-12T20:51:09.112Z, 3600.0, 51.0, 1842.0]
[2017-03-12T20:51:10.112Z, 3600.0, 51.0, 1842.0]
[2017-03-12T20:51:11.112Z, 3600.0, 51.0, 1842.0]
[2017-03-12T20:51:12.122Z, 3600.0, 50.0, 1842.0]
[2017-03-12T20:51:13.123Z, 3600.0, 51.0, 1843.0]
[2017-03-12T20:51:14.125Z, 3600.0, 51.0, 1841.0]
[2017-03-12T20:51:15.125Z, 3600.0, 51.0, 1840.0]
[2017-03-12T20:51:16.125Z, 3600.0, 50.0, 1840.0]
[2017-03-12T20:51:17.124Z, 3600.0, 51.0, 1842.0]
[2017-03-12T20:51:18.125Z, 3600.0, 51.0, 1840.0]
[2017-03-12T20:51:19.126Z, 3600.0, 51.0, 1841.0]
[2017-03-12T20:51:20.127Z, 3600.0, 50.0, 1839.0]
[2017-03-12T20:51:21.122Z, 3600.0, 50.0, 1839.0]
[2017-03-12T20:51:22.122Z, 3600.0, 50.0, 1841.0]
[2017-03-12T20:51:23.122Z, 3600.0, 50.0, 1839.0]
[2017-03-12T20:51:24.123Z, 3600.0, 50.0, 1838.0]
[2017-03-12T20:51:25.124Z, 3600.0, 50.0, 1840.0]
[2017-03-12T20:51:26.123Z, 3600.0, 50.0, 1840.0]
[2017-03-12T20:51:27.124Z, 3600.0, 50.0, 1840.0]
[2017-03-12T20:51:28.124Z, 3600.0, 50.0, 1838.0]
[2017-03-12T20:51:29.126Z, 3600.0, 50.0, 1840.0]
[2017-03-12T20:51:30.126Z, 3600.0, 50.0, 1840.0]
[2017-03-12T20:51:31.126Z, 3600.0, 50.0, 1840.0]
[2017-03-12T20:51:32.126Z, 3600.0, 50.0, 1841.0]
[2017-03-12T20:51:33.127Z, 3600.0, 50.0, 1839.0]
[2017-03-12T20:51:34.128Z, 3600.0, 50.0, 1840.0]
[2017-03-12T20:51:35.127Z, 3600.0, 50.0, 1840.0]
[2017-03-12T20:51:36.127Z, 3600.0, 50.0, 1839.0]
[2017-03-12T20:51:37.127Z, 3600.0, 50.0, 1840.0]
[2017-03-12T20:51:38.126Z, 3600.0, 50.0, 1842.0]
[2017-03-12T20:51:39.128Z, 3600.0, 50.0, 1843.0]
[2017-03-12T20:51:40.127Z, 3600.0, 50.0, 1840.0]
[2017-03-12T20:51:41.127Z, 3600.0, 50.0, 1838.0]
[2017-03-12T20:51:42.134Z, 3600.0, 50.0, 1839.0]
[2017-03-12T20:51:43.127Z, 3600.0, 50.0, 1839.0]
[2017-03-12T20:51:44.128Z, 3600.0, 50.0, 1838.0]
[2017-03-12T20:51:45.128Z, 3600.0, 50.0, 1837.0]
[2017-03-12T20:51:46.128Z, 3600.0, 50.0, 1839.0]
[2017-03-12T20:51:47.129Z, 3600.0, 50.0, 1839.0]
[2017-03-12T20:51:48.129Z, 3600.0, 50.0, 1838.0]
[2017-03-12T20:51:49.13Z, 3600.0, 50.0, 1838.0]
[2017-03-12T20:51:50.13Z, 3600.0, 50.0, 1839.0]
[2017-03-12T20:51:51.13Z, 3600.0, 50.0, 1840.0]
[2017-03-12T20:51:52.13Z, 0.0, 0.0, 0.0]
[2017-03-12T20:51:53.13Z, 0.0, 0.0, 0.0]
[2017-03-12T20:51:54.133Z, 0.0, 0.0, 0.0]
[2017-03-12T20:51:55.129Z, 0.0, 0.0, 0.0]
[2017-03-12T20:51:56.135Z, 0.0, 0.0, 0.0]
[2017-03-12T20:51:57.136Z, 0.0, 0.0, 0.0]
[2017-03-12T20:51:58.136Z, 0.0, 0.0, 0.0]
[2017-03-12T20:51:59.13Z, 0.0, 0.0, 0.0]
[2017-03-12T20:52:00.137Z, 0.0, 0.0, 0.0]
[2017-03-12T20:52:01.13Z, 0.0, 0.0, 0.0]
[2017-03-12T20:52:02.13Z, 0.0, 0.0, 0.0]
[2017-03-12T20:52:03.13Z, 0.0, 0.0, 0.0]
[2017-03-12T20:52:04.131Z, 0.0, 0.0, 0.0]
[2017-03-12T20:52:05.131Z, 0.0, 0.0, 0.0]
[2017-03-12T20:52:06.138Z, 0.0, 0.0, 0.0]
[2017-03-12T20:52:07.138Z, 0.0, 0.0, 0.0]
[2017-03-12T20:52:08.138Z, 0.0, 0.0, 0.0]
[2017-03-12T20:52:09.139Z, 0.0, 0.0, 0.0]
[2017-03-12T20:52:10.132Z, 0.0, 0.0, 0.0]
[2017-03-12T20:52:11.132Z, 0.0, 0.0, 0.0]
[2017-03-12T20:52:12.132Z, 755.0, 8.0, 445.0]
[2017-03-12T20:52:13.132Z, 3000.0, 45.0, 1533.0]
[2017-03-12T20:52:14.133Z, 3000.0, 48.0, 1561.0]
[2017-03-12T20:52:15.14Z, 3000.0, 49.0, 1563.0]
[2017-03-12T20:52:16.14Z, 3000.0, 48.0, 1563.0]
[2017-03-12T20:52:17.14Z, 3000.0, 49.0, 1562.0]
[2017-03-12T20:52:18.14Z, 3000.0, 48.0, 1561.0]
[2017-03-12T20:52:19.141Z, 3000.0, 48.0, 1561.0]
[2017-03-12T20:52:20.135Z, 3000.0, 48.0, 1560.0]
[2017-03-12T20:52:21.136Z, 3000.0, 48.0, 1560.0]
[2017-03-12T20:52:22.14Z, 3000.0, 48.0, 1562.0]
[2017-03-12T20:52:23.14Z, 3000.0, 48.0, 1560.0]
[2017-03-12T20:52:24.142Z, 3000.0, 48.0, 1560.0]
[2017-03-12T20:52:25.143Z, 3000.0, 48.0, 1561.0]
[2017-03-12T20:52:26.143Z, 3000.0, 48.0, 1561.0]
[2017-03-12T20:52:27.142Z, 3000.0, 48.0, 1561.0]
[2017-03-12T20:52:28.142Z, 3000.0, 48.0, 1560.0]
[2017-03-12T20:52:29.143Z, 3000.0, 48.0, 1559.0]
[2017-03-12T20:52:30.143Z, 3000.0, 48.0, 1560.0]
[2017-03-12T20:52:31.143Z, 3000.0, 48.0, 1560.0]
[2017-03-12T20:52:32.143Z, 3000.0, 48.0, 1561.0]
[2017-03-12T20:52:33.143Z, 3000.0, 48.0, 1561.0]
[2017-03-12T20:52:34.144Z, 3000.0, 48.0, 1559.0]
[2017-03-12T20:52:35.144Z, 3000.0, 48.0, 1559.0]
[2017-03-12T20:52:36.143Z, 3000.0, 48.0, 1560.0]
[2017-03-12T20:52:37.143Z, 3000.0, 48.0, 1559.0]
[2017-03-12T20:52:38.143Z, 2975.0, 48.0, 1549.0]
[2017-03-12T20:52:39.144Z, 0.0, 0.0, 0.0]
[2017-03-12T20:52:40.144Z, 0.0, 0.0, 0.0]
[2017-03-12T20:52:41.143Z, 0.0, 0.0, 0.0]
[2017-03-12T20:52:42.143Z, 0.0, 0.0, 0.0]
[2017-03-12T20:52:43.143Z, 0.0, 0.0, 0.0]
[2017-03-12T20:52:44.145Z, 0.0, 0.0, 0.0]
[2017-03-12T20:52:45.144Z, 0.0, 0.0, 0.0]
[2017-03-12T20:52:46.143Z, 0.0, 0.0, 0.0]
[2017-03-12T20:52:47.143Z, 2131.0, 38.0, 1068.0]
[2017-03-12T20:52:48.142Z, 3000.0, 49.0, 1550.0]
[2017-03-12T20:52:49.144Z, 3000.0, 49.0, 1561.0]
[2017-03-12T20:52:50.145Z, 3000.0, 49.0, 1563.0]
[2017-03-12T20:52:51.145Z, 3000.0, 48.0, 1562.0]
[2017-03-12T20:52:52.145Z, 3000.0, 48.0, 1561.0]
[2017-03-12T20:52:53.145Z, 3000.0, 48.0, 1560.0]
[2017-03-12T20:52:54.146Z, 3000.0, 48.0, 1560.0]
[2017-03-12T20:52:55.146Z, 3000.0, 48.0, 1560.0]
[2017-03-12T20:52:56.146Z, 3000.0, 48.0, 1559.0]
[2017-03-12T20:52:57.146Z, 3000.0, 48.0, 1560.0]
[2017-03-12T20:52:58.146Z, 3000.0, 48.0, 1560.0]
[2017-03-12T20:52:59.147Z, 3000.0, 48.0, 1560.0]
[2017-03-12T20:53:00.146Z, 3000.0, 48.0, 1560.0]
[2017-03-12T20:53:01.146Z, 3000.0, 48.0, 1559.0]
[2017-03-12T20:53:02.146Z, 3000.0, 48.0, 1560.0]
[2017-03-12T20:53:03.146Z, 3000.0, 48.0, 1560.0]
[2017-03-12T20:53:04.147Z, 3000.0, 48.0, 1561.0]
[2017-03-12T20:53:05.147Z, 3000.0, 48.0, 1560.0]
[2017-03-12T20:53:06.147Z, 3000.0, 48.0, 1559.0]
[2017-03-12T20:53:07.147Z, 3000.0, 48.0, 1558.0]
[2017-03-12T20:53:08.147Z, 3000.0, 48.0, 1558.0]
[2017-03-12T20:53:09.149Z, 3000.0, 48.0, 1559.0]
[2017-03-12T20:53:10.148Z, 3000.0, 48.0, 1559.0]
[2017-03-12T20:53:11.148Z, 3000.0, 48.0, 1559.0]
[2017-03-12T20:53:12.148Z, 2999.0, 48.0, 1558.0]
[2017-03-12T20:53:13.148Z, 0.0, 0.0, 0.0]
[2017-03-12T20:53:14.15Z, 0.0, 0.0, 0.0]
[2017-03-12T20:53:15.15Z, 0.0, 0.0, 0.0]
[2017-03-12T20:53:16.151Z, 0.0, 0.0, 0.0]
[2017-03-12T20:53:17.151Z, 0.0, 0.0, 0.0]
[2017-03-12T20:53:18.151Z, 0.0, 0.0, 0.0]
[2017-03-12T20:53:19.153Z, 0.0, 0.0, 0.0]
[2017-03-12T20:53:20.153Z, 0.0, 0.0, 0.0]
[2017-03-12T20:53:21.149Z, 0.0, 0.0, 0.0]
[2017-03-12T20:53:22.15Z, 0.0, 0.0, 0.0]
[2017-03-12T20:53:23.15Z, 0.0, 0.0, 0.0]
[2017-03-12T20:53:24.151Z, 0.0, 0.0, 0.0]
[2017-03-12T20:53:25.151Z, 0.0, 0.0, 0.0]
[2017-03-12T20:53:26.151Z, 0.0, 0.0, 0.0]
[2017-03-12T20:53:27.151Z, 0.0, 0.0, 0.0]
[2017-03-12T20:53:28.151Z, 1811.0, 22.0, 924.0]
[2017-03-12T20:53:29.151Z, 2400.0, 44.0, 1288.0]
[2017-03-12T20:53:30.151Z, 2400.0, 46.0, 1296.0]
[2017-03-12T20:53:31.151Z, 2400.0, 46.0, 1297.0]
[2017-03-12T20:53:32.152Z, 2400.0, 46.0, 1296.0]
[2017-03-12T20:53:33.152Z, 2400.0, 46.0, 1297.0]
[2017-03-12T20:53:34.152Z, 2400.0, 46.0, 1296.0]
[2017-03-12T20:53:35.153Z, 2400.0, 46.0, 1296.0]
[2017-03-12T20:53:36.153Z, 2400.0, 46.0, 1296.0]
[2017-03-12T20:53:37.153Z, 2400.0, 46.0, 1296.0]
[2017-03-12T20:53:38.153Z, 2400.0, 46.0, 1297.0]
[2017-03-12T20:53:39.154Z, 2400.0, 46.0, 1296.0]
[2017-03-12T20:53:40.154Z, 2400.0, 46.0, 1295.0]
[2017-03-12T20:53:41.154Z, 2400.0, 46.0, 1296.0]
[2017-03-12T20:53:42.154Z, 2400.0, 46.0, 1297.0]
[2017-03-12T20:53:43.154Z, 2400.0, 46.0, 1297.0]
[2017-03-12T20:53:44.155Z, 2400.0, 46.0, 1297.0]
[2017-03-12T20:53:45.156Z, 2400.0, 46.0, 1296.0]
[2017-03-12T20:53:46.157Z, 2400.0, 46.0, 1296.0]
[2017-03-12T20:53:47.157Z, 2400.0, 46.0, 1296.0]
[2017-03-12T20:53:48.158Z, 2400.0, 46.0, 1297.0]
[2017-03-12T20:53:49.159Z, 2400.0, 46.0, 1296.0]
[2017-03-12T20:53:50.159Z, 2400.0, 46.0, 1297.0]
[2017-03-12T20:53:51.16Z, 2400.0, 46.0, 1296.0]
[2017-03-12T20:53:52.16Z, 2400.0, 46.0, 1295.0]
[2017-03-12T20:53:53.161Z, 2400.0, 46.0, 1296.0]
[2017-03-12T20:53:54.158Z, 2400.0, 46.0, 1295.0]
[2017-03-12T20:53:55.158Z, 2400.0, 46.0, 1296.0]
[2017-03-12T20:53:56.158Z, 2400.0, 46.0, 1296.0]
[2017-03-12T20:53:57.158Z, 2400.0, 46.0, 1295.0]
[2017-03-12T20:53:58.158Z, 1780.0, 45.0, 1058.0]
[2017-03-12T20:53:59.159Z, 0.0, 0.0, 0.0]
[2017-03-12T20:54:00.163Z, 0.0, 0.0, 0.0]
[2017-03-12T20:54:01.16Z, 0.0, 0.0, 0.0]
[2017-03-12T20:54:02.16Z, 0.0, 0.0, 0.0]
[2017-03-12T20:54:03.16Z, 0.0, 0.0, 0.0]
[2017-03-12T20:54:04.161Z, 0.0, 0.0, 0.0]
[2017-03-12T20:54:05.162Z, 0.0, 0.0, 0.0]
[2017-03-12T20:54:06.162Z, 0.0, 0.0, 0.0]
[2017-03-12T20:54:07.161Z, 0.0, 0.0, 0.0]
[2017-03-12T20:54:08.162Z, 0.0, 0.0, 0.0]
[2017-03-12T20:54:09.163Z, 0.0, 0.0, 0.0]
[2017-03-12T20:54:10.164Z, 0.0, 0.0, 0.0]
[2017-03-12T20:54:11.165Z, 0.0, 0.0, 0.0]
[2017-03-12T20:54:12.163Z, 0.0, 0.0, 0.0]
[2017-03-12T20:54:13.163Z, 0.0, 0.0, 0.0]
[2017-03-12T20:54:14.164Z, 0.0, 0.0, 0.0]
[2017-03-12T20:54:15.164Z, 0.0, 0.0, 0.0]
[2017-03-12T20:54:16.164Z, 0.0, 0.0, 0.0]
[2017-03-12T20:54:17.164Z, 0.0, 0.0, 0.0]
[2017-03-12T20:54:18.165Z, 0.0, 0.0, 0.0]
[2017-03-12T20:54:19.166Z, 1800.0, 43.0, 994.0]
[2017-03-12T20:54:20.165Z, 1800.0, 44.0, 1031.0]
[2017-03-12T20:54:21.166Z, 1800.0, 44.0, 1033.0]
[2017-03-12T20:54:22.166Z, 1800.0, 44.0, 1035.0]
[2017-03-12T20:54:23.166Z, 1800.0, 44.0, 1035.0]
[2017-03-12T20:54:24.168Z, 1800.0, 44.0, 1036.0]
[2017-03-12T20:54:25.167Z, 1800.0, 44.0, 1036.0]
[2017-03-12T20:54:26.168Z, 1800.0, 44.0, 1035.0]
[2017-03-12T20:54:27.168Z, 1800.0, 44.0, 1035.0]
[2017-03-12T20:54:28.164Z, 1800.0, 44.0, 1036.0]
[2017-03-12T20:54:29.165Z, 1800.0, 44.0, 1035.0]
[2017-03-12T20:54:30.165Z, 1800.0, 44.0, 1035.0]
[2017-03-12T20:54:31.165Z, 1800.0, 44.0, 1035.0]
[2017-03-12T20:54:32.165Z, 1800.0, 44.0, 1034.0]
[2017-03-12T20:54:33.165Z, 1800.0, 44.0, 1035.0]
[2017-03-12T20:54:34.165Z, 1800.0, 44.0, 1034.0]
[2017-03-12T20:54:35.165Z, 1800.0, 44.0, 1034.0]
[2017-03-12T20:54:36.167Z, 1800.0, 44.0, 1033.0]
[2017-03-12T20:54:37.166Z, 1800.0, 44.0, 1034.0]
[2017-03-12T20:54:38.166Z, 1800.0, 44.0, 1036.0]
[2017-03-12T20:54:39.166Z, 1800.0, 44.0, 1035.0]
[2017-03-12T20:54:40.166Z, 1800.0, 44.0, 1035.0]
[2017-03-12T20:54:41.166Z, 1800.0, 44.0, 1036.0]
[2017-03-12T20:54:42.167Z, 1800.0, 44.0, 1034.0]
[2017-03-12T20:54:43.167Z, 1800.0, 44.0, 1035.0]
[2017-03-12T20:54:44.167Z, 1800.0, 44.0, 1033.0]
[2017-03-12T20:54:45.167Z, 1800.0, 44.0, 1035.0]
[2017-03-12T20:54:46.167Z, 1800.0, 44.0, 1035.0]
[2017-03-12T20:54:47.167Z, 1800.0, 44.0, 1035.0]
[2017-03-12T20:54:48.167Z, 1800.0, 44.0, 1035.0]
[2017-03-12T20:54:49.167Z, 1800.0, 44.0, 1035.0]
[2017-03-12T20:54:50.167Z, 1800.0, 44.0, 1035.0]
[2017-03-12T20:54:51.167Z, 1800.0, 44.0, 1035.0]
[2017-03-12T20:54:52.167Z, 1800.0, 44.0, 1035.0]
[2017-03-12T20:54:53.168Z, 1800.0, 44.0, 1035.0]
[2017-03-12T20:54:54.168Z, 1800.0, 44.0, 1035.0]
[2017-03-12T20:54:55.168Z, 1800.0, 44.0, 1036.0]
[2017-03-12T20:54:56.17Z, 1800.0, 44.0, 1034.0]
[2017-03-12T20:54:57.171Z, 1800.0, 44.0, 1034.0]
[2017-03-12T20:54:58.172Z, 1800.0, 44.0, 1033.0]
[2017-03-12T20:54:59.168Z, 1800.0, 44.0, 1033.0]
[2017-03-12T20:55:00.168Z, 1800.0, 44.0, 1032.0]
[2017-03-12T20:55:01.168Z, 1800.0, 44.0, 1033.0]
[2017-03-12T20:55:02.168Z, 0.0, 0.0, 0.0]
[2017-03-12T20:55:03.168Z, 0.0, 0.0, 0.0]
[2017-03-12T20:55:04.168Z, 0.0, 0.0, 0.0]
[2017-03-12T20:55:05.169Z, 0.0, 0.0, 0.0]
[2017-03-12T20:55:06.17Z, 0.0, 0.0, 0.0]
[2017-03-12T20:55:07.17Z, 0.0, 0.0, 0.0]
[2017-03-12T20:55:08.17Z, 0.0, 0.0, 0.0]
[2017-03-12T20:55:09.17Z, 0.0, 0.0, 0.0]
[2017-03-12T20:55:10.169Z, 0.0, 0.0, 0.0]
[2017-03-12T20:55:11.169Z, 0.0, 0.0, 0.0]
[2017-03-12T20:55:12.17Z, 0.0, 0.0, 0.0]
[2017-03-12T20:55:13.169Z, 0.0, 0.0, 0.0]
[2017-03-12T20:55:14.17Z, 0.0, 0.0, 0.0]
[2017-03-12T20:55:15.17Z, 0.0, 0.0, 0.0]
[2017-03-12T20:55:16.171Z, 0.0, 0.0, 0.0]
[2017-03-12T20:55:17.171Z, 0.0, 0.0, 0.0]
[2017-03-12T20:55:18.171Z, 0.0, 0.0, 0.0]
[2017-03-12T20:55:19.172Z, 0.0, 0.0, 0.0]
[2017-03-12T20:55:20.172Z, 0.0, 0.0, 0.0]
[2017-03-12T20:55:21.172Z, 0.0, 0.0, 0.0]
[2017-03-12T20:55:22.173Z, 0.0, 0.0, 0.0]
[2017-03-12T20:55:23.173Z, 0.0, 0.0, 0.0]
[2017-03-12T20:55:24.173Z, 0.0, 0.0, 0.0]
[2017-03-12T20:55:25.173Z, 0.0, 0.0, 0.0]
[2017-03-12T20:55:26.173Z, 0.0, 0.0, 0.0]
[2017-03-12T20:55:27.174Z, 107.0, 2.0, 162.0]
[2017-03-12T20:55:28.175Z, 600.0, 35.0, 517.0]
[2017-03-12T20:55:29.175Z, 600.0, 44.0, 534.0]
[2017-03-12T20:55:30.175Z, 600.0, 45.0, 535.0]
[2017-03-12T20:55:31.175Z, 600.0, 46.0, 535.0]
[2017-03-12T20:55:32.175Z, 600.0, 46.0, 535.0]
[2017-03-12T20:55:33.171Z, 600.0, 46.0, 535.0]
[2017-03-12T20:55:34.171Z, 600.0, 46.0, 535.0]
[2017-03-12T20:55:35.172Z, 600.0, 46.0, 534.0]
[2017-03-12T20:55:36.173Z, 600.0, 46.0, 534.0]
[2017-03-12T20:55:37.174Z, 600.0, 46.0, 535.0]
[2017-03-12T20:55:38.176Z, 600.0, 46.0, 535.0]
[2017-03-12T20:55:39.172Z, 600.0, 46.0, 534.0]
[2017-03-12T20:55:40.176Z, 600.0, 46.0, 534.0]
[2017-03-12T20:55:41.176Z, 600.0, 46.0, 535.0]
[2017-03-12T20:55:42.172Z, 600.0, 46.0, 535.0]
[2017-03-12T20:55:43.172Z, 600.0, 46.0, 534.0]
[2017-03-12T20:55:44.172Z, 600.0, 46.0, 535.0]
[2017-03-12T20:55:45.172Z, 600.0, 46.0, 533.0]
[2017-03-12T20:55:46.174Z, 600.0, 46.0, 535.0]
[2017-03-12T20:55:47.174Z, 600.0, 46.0, 535.0]
[2017-03-12T20:55:48.174Z, 600.0, 46.0, 534.0]
[2017-03-12T20:55:49.174Z, 600.0, 46.0, 534.0]
[2017-03-12T20:55:50.173Z, 600.0, 46.0, 534.0]
[2017-03-12T20:55:51.173Z, 600.0, 46.0, 534.0]
[2017-03-12T20:55:52.173Z, 600.0, 46.0, 534.0]
[2017-03-12T20:55:53.173Z, 600.0, 46.0, 534.0]
[2017-03-12T20:55:54.173Z, 600.0, 46.0, 535.0]
[2017-03-12T20:55:55.173Z, 600.0, 46.0, 534.0]
[2017-03-12T20:55:56.175Z, 600.0, 46.0, 534.0]
[2017-03-12T20:55:57.174Z, 600.0, 46.0, 533.0]
[2017-03-12T20:55:58.174Z, 600.0, 46.0, 533.0]
[2017-03-12T20:55:59.174Z, 600.0, 46.0, 534.0]
[2017-03-12T20:56:00.174Z, 600.0, 46.0, 535.0]
[2017-03-12T20:56:01.18Z, 600.0, 46.0, 534.0]
[2017-03-12T20:56:02.188Z, 600.0, 46.0, 534.0]
[2017-03-12T20:56:03.187Z, 600.0, 46.0, 534.0]
[2017-03-12T20:56:04.187Z, 600.0, 46.0, 534.0]
[2017-03-12T20:56:05.187Z, 600.0, 46.0, 534.0]
[2017-03-12T20:56:06.188Z, 600.0, 46.0, 535.0]
[2017-03-12T20:56:07.188Z, 600.0, 46.0, 534.0]
[2017-03-12T20:56:08.188Z, 600.0, 46.0, 534.0]
[2017-03-12T20:56:09.188Z, 600.0, 46.0, 534.0]
[2017-03-12T20:56:10.188Z, 600.0, 46.0, 533.0]
[2017-03-12T20:56:11.188Z, 600.0, 46.0, 534.0]
[2017-03-12T20:56:12.188Z, 600.0, 46.0, 534.0]
[2017-03-12T20:56:13.184Z, 600.0, 46.0, 534.0]
[2017-03-12T20:56:14.182Z, 600.0, 46.0, 533.0]
[2017-03-12T20:56:15.182Z, 600.0, 46.0, 534.0]
[2017-03-12T20:56:16.183Z, 600.0, 46.0, 534.0]
[2017-03-12T20:56:17.186Z, 600.0, 46.0, 533.0]
[2017-03-12T20:56:18.185Z, 600.0, 46.0, 534.0]
[2017-03-12T20:56:19.183Z, 600.0, 46.0, 534.0]
[2017-03-12T20:56:20.183Z, 600.0, 46.0, 534.0]
[2017-03-12T20:56:21.184Z, 600.0, 46.0, 535.0]
[2017-03-12T20:56:22.184Z, 600.0, 46.0, 534.0]
[2017-03-12T20:56:23.186Z, 600.0, 46.0, 534.0]
[2017-03-12T20:56:24.185Z, 600.0, 46.0, 535.0]
[2017-03-12T20:56:25.186Z, 600.0, 46.0, 535.0]
[2017-03-12T20:56:26.187Z, 600.0, 46.0, 534.0]
[2017-03-12T20:56:27.187Z, 600.0, 46.0, 534.0]
[2017-03-12T20:56:28.187Z, 600.0, 46.0, 534.0]
[2017-03-12T20:56:29.187Z, 600.0, 46.0, 535.0]
[2017-03-12T20:56:30.186Z, 600.0, 46.0, 534.0]
[2017-03-12T20:56:31.186Z, 600.0, 46.0, 535.0]
[2017-03-12T20:56:32.187Z, 600.0, 46.0, 534.0]
[2017-03-12T20:56:33.187Z, 600.0, 46.0, 534.0]
[2017-03-12T20:56:34.186Z, 600.0, 45.0, 534.0]
[2017-03-12T20:56:35.187Z, 600.0, 46.0, 534.0]
[2017-03-12T20:56:36.186Z, 600.0, 46.0, 534.0]
[2017-03-12T20:56:37.187Z, 600.0, 46.0, 533.0]
[2017-03-12T20:56:38.192Z, 600.0, 45.0, 533.0]
[2017-03-12T20:56:39.188Z, 600.0, 45.0, 533.0]
[2017-03-12T20:56:40.189Z, 600.0, 45.0, 533.0]
[2017-03-12T20:56:41.184Z, 600.0, 46.0, 533.0]
[2017-03-12T20:56:42.184Z, 600.0, 46.0, 534.0]
[2017-03-12T20:56:43.184Z, 600.0, 46.0, 534.0]
[2017-03-12T20:56:44.184Z, 600.0, 46.0, 534.0]
[2017-03-12T20:56:45.184Z, 600.0, 46.0, 534.0]
[2017-03-12T20:56:46.184Z, 600.0, 46.0, 535.0]
[2017-03-12T20:56:47.186Z, 600.0, 46.0, 534.0]
[2017-03-12T20:56:48.186Z, 600.0, 46.0, 534.0]
[2017-03-12T20:56:49.186Z, 600.0, 46.0, 534.0]
[2017-03-12T20:56:50.187Z, 600.0, 46.0, 534.0]
[2017-03-12T20:56:51.187Z, 600.0, 46.0, 534.0]
[2017-03-12T20:56:52.189Z, 600.0, 46.0, 534.0]
[2017-03-12T20:56:53.189Z, 600.0, 46.0, 534.0]
[2017-03-12T20:56:54.189Z, 600.0, 46.0, 534.0]
[2017-03-12T20:56:55.186Z, 600.0, 46.0, 535.0]
[2017-03-12T20:56:56.186Z, 600.0, 46.0, 534.0]
[2017-03-12T20:56:57.186Z, 600.0, 46.0, 534.0]
[2017-03-12T20:56:58.187Z, 600.0, 46.0, 534.0]
[2017-03-12T20:56:59.188Z, 600.0, 46.0, 534.0]
[2017-03-12T20:57:00.183Z, 600.0, 46.0, 533.0]
[2017-03-12T20:57:01.183Z, 600.0, 45.0, 534.0]
[2017-03-12T20:57:02.185Z, 600.0, 45.0, 533.0]
[2017-03-12T20:57:03.186Z, 600.0, 45.0, 533.0]
[2017-03-12T20:57:04.188Z, 600.0, 45.0, 533.0]
[2017-03-12T20:57:05.183Z, 600.0, 45.0, 534.0]
[2017-03-12T20:57:06.183Z, 600.0, 45.0, 533.0]
[2017-03-12T20:57:07.185Z, 600.0, 45.0, 533.0]
[2017-03-12T20:57:08.186Z, 600.0, 45.0, 533.0]
[2017-03-12T20:57:09.187Z, 600.0, 45.0, 533.0]
[2017-03-12T20:57:10.183Z, 600.0, 45.0, 534.0]
[2017-03-12T20:57:11.185Z, 600.0, 45.0, 533.0]
[2017-03-12T20:57:12.185Z, 600.0, 45.0, 533.0]
[2017-03-12T20:57:13.187Z, 0.0, 0.0, 0.0]
[2017-03-12T20:57:14.188Z, 0.0, 0.0, 0.0]
[2017-03-12T20:57:15.185Z, 0.0, 0.0, 0.0]
[2017-03-12T20:57:16.187Z, 0.0, 0.0, 0.0]
[2017-03-12T20:57:17.188Z, 0.0, 0.0, 0.0]
[2017-03-12T20:57:18.189Z, 0.0, 0.0, 0.0]
[2017-03-12T20:57:19.185Z, 691.0, 8.0, 417.0]
[2017-03-12T20:57:20.186Z, 1200.0, 38.0, 769.0]
[2017-03-12T20:57:21.187Z, 1200.0, 42.0, 778.0]
[2017-03-12T20:57:22.184Z, 1200.0, 43.0, 779.0]
[2017-03-12T20:57:23.184Z, 1200.0, 43.0, 779.0]
[2017-03-12T20:57:24.185Z, 1200.0, 43.0, 779.0]
[2017-03-12T20:57:25.185Z, 1200.0, 43.0, 779.0]
[2017-03-12T20:57:26.187Z, 1200.0, 43.0, 778.0]
[2017-03-12T20:57:27.188Z, 1200.0, 43.0, 778.0]
[2017-03-12T20:57:28.184Z, 1200.0, 43.0, 779.0]
[2017-03-12T20:57:29.184Z, 1200.0, 43.0, 778.0]
[2017-03-12T20:57:30.186Z, 1200.0, 43.0, 777.0]
[2017-03-12T20:57:31.187Z, 1200.0, 43.0, 779.0]
[2017-03-12T20:57:32.184Z, 1200.0, 43.0, 778.0]
[2017-03-12T20:57:33.184Z, 1200.0, 43.0, 778.0]
[2017-03-12T20:57:34.185Z, 1200.0, 43.0, 779.0]
[2017-03-12T20:57:35.186Z, 1200.0, 43.0, 778.0]
[2017-03-12T20:57:36.188Z, 1200.0, 43.0, 778.0]
[2017-03-12T20:57:37.184Z, 1200.0, 43.0, 778.0]
[2017-03-12T20:57:38.185Z, 1200.0, 43.0, 778.0]
[2017-03-12T20:57:39.187Z, 1200.0, 42.0, 777.0]
[2017-03-12T20:57:40.188Z, 1200.0, 43.0, 777.0]
[2017-03-12T20:57:41.185Z, 1200.0, 43.0, 778.0]
[2017-03-12T20:57:42.186Z, 1200.0, 43.0, 776.0]
[2017-03-12T20:57:43.183Z, 1200.0, 43.0, 778.0]
[2017-03-12T20:57:44.184Z, 1200.0, 43.0, 779.0]
[2017-03-12T20:57:45.186Z, 1200.0, 43.0, 778.0]
[2017-03-12T20:57:46.187Z, 1200.0, 43.0, 778.0]
[2017-03-12T20:57:47.183Z, 1200.0, 43.0, 778.0]
[2017-03-12T20:57:48.185Z, 1200.0, 43.0, 778.0]
[2017-03-12T20:57:49.187Z, 1200.0, 43.0, 779.0]
[2017-03-12T20:57:50.188Z, 1200.0, 43.0, 779.0]
[2017-03-12T20:57:51.184Z, 1200.0, 43.0, 778.0]
[2017-03-12T20:57:52.185Z, 1200.0, 43.0, 778.0]
[2017-03-12T20:57:53.186Z, 1200.0, 43.0, 778.0]
[2017-03-12T20:57:54.184Z, 1200.0, 43.0, 777.0]
[2017-03-12T20:57:55.184Z, 1200.0, 43.0, 778.0]
[2017-03-12T20:57:56.186Z, 1200.0, 43.0, 778.0]
[2017-03-12T20:57:57.187Z, 1200.0, 43.0, 778.0]
[2017-03-12T20:57:58.183Z, 1200.0, 43.0, 778.0]
[2017-03-12T20:57:59.184Z, 1200.0, 43.0, 778.0]
[2017-03-12T20:58:00.185Z, 1200.0, 43.0, 778.0]
[2017-03-12T20:58:01.185Z, 1200.0, 43.0, 779.0]
[2017-03-12T20:58:02.185Z, 1200.0, 43.0, 778.0]
[2017-03-12T20:58:03.186Z, 1200.0, 43.0, 777.0]
[2017-03-12T20:58:04.188Z, 1200.0, 43.0, 777.0]
[2017-03-12T20:58:05.183Z, 1200.0, 43.0, 778.0]
[2017-03-12T20:58:06.184Z, 1200.0, 43.0, 777.0]
[2017-03-12T20:58:07.185Z, 1200.0, 43.0, 778.0]
[2017-03-12T20:58:08.186Z, 1200.0, 43.0, 778.0]
[2017-03-12T20:58:09.186Z, 1200.0, 43.0, 778.0]
[2017-03-12T20:58:10.183Z, 1200.0, 43.0, 777.0]
[2017-03-12T20:58:11.183Z, 1200.0, 43.0, 778.0]
[2017-03-12T20:58:12.183Z, 1200.0, 43.0, 777.0]
[2017-03-12T20:58:13.185Z, 1200.0, 43.0, 777.0]
[2017-03-12T20:58:14.185Z, 1200.0, 43.0, 778.0]
[2017-03-12T20:58:15.186Z, 1200.0, 43.0, 777.0]
[2017-03-12T20:58:16.186Z, 1200.0, 42.0, 776.0]
[2017-03-12T20:58:17.187Z, 1200.0, 42.0, 777.0]
[2017-03-12T20:58:18.187Z, 1200.0, 43.0, 776.0]
[2017-03-12T20:58:19.183Z, 0.0, 0.0, 0.0]
[2017-03-12T20:58:20.184Z, 0.0, 0.0, 0.0]
[2017-03-12T20:58:21.185Z, 0.0, 0.0, 0.0]
[2017-03-12T20:58:22.186Z, 0.0, 0.0, 0.0]
[2017-03-12T20:58:23.187Z, 0.0, 0.0, 0.0]
[2017-03-12T20:58:24.187Z, 0.0, 0.0, 0.0]
[2017-03-12T20:58:25.183Z, 0.0, 0.0, 0.0]
[2017-03-12T20:58:26.183Z, 0.0, 0.0, 0.0]
[2017-03-12T20:58:27.183Z, 0.0, 0.0, 0.0]
[2017-03-12T20:58:28.184Z, 0.0, 0.0, 0.0]
[2017-03-12T20:58:29.185Z, 0.0, 0.0, 0.0]
[2017-03-12T20:58:30.185Z, 0.0, 0.0, 0.0]
[2017-03-12T20:58:31.186Z, 0.0, 0.0, 0.0]
[2017-03-12T20:58:32.186Z, 0.0, 0.0, 0.0]
[2017-03-12T20:58:33.186Z, 0.0, 0.0, 0.0]
[2017-03-12T20:58:34.187Z, 0.0, 0.0, 0.0]
[2017-03-12T20:58:35.187Z, 0.0, 0.0, 0.0]
[2017-03-12T20:58:36.187Z, 0.0, 0.0, 0.0]
[2017-03-12T20:58:37.183Z, 0.0, 0.0, 0.0]
[2017-03-12T20:58:38.185Z, 0.0, 0.0, 0.0]
[2017-03-12T20:58:39.183Z, 0.0, 0.0, 0.0]
[2017-03-12T20:58:40.185Z, 0.0, 0.0, 0.0]
[2017-03-12T20:58:41.186Z, 0.0, 0.0, 0.0]
[2017-03-12T20:58:42.187Z, 0.0, 0.0, 0.0]
[2017-03-12T20:58:43.187Z, 0.0, 0.0, 0.0]
[2017-03-12T20:58:44.184Z, 0.0, 0.0, 0.0]
[2017-03-12T20:58:45.183Z, 0.0, 0.0, 0.0]
[2017-03-12T20:58:46.184Z, 0.0, 0.0, 0.0]
[2017-03-12T20:58:47.185Z, 0.0, 0.0, 0.0]
[2017-03-12T20:58:48.185Z, 0.0, 0.0, 0.0]
[2017-03-12T20:58:49.186Z, 0.0, 0.0, 0.0]
[2017-03-12T20:58:50.186Z, 0.0, 0.0, 0.0]
[2017-03-12T20:58:51.187Z, 0.0, 0.0, 0.0]
[2017-03-12T20:58:52.187Z, 1200.0, 34.0, 755.0]
[2017-03-12T20:58:53.187Z, 1200.0, 41.0, 777.0]
[2017-03-12T20:58:54.187Z, 1200.0, 42.0, 777.0]
[2017-03-12T20:58:55.184Z, 1200.0, 48.0, 829.0]
[2017-03-12T20:58:56.184Z, 1200.0, 61.0, 873.0]
[2017-03-12T20:58:57.184Z, 1200.0, 70.0, 891.0]
[2017-03-12T20:58:58.184Z, 1200.0, 69.0, 891.0]
[2017-03-12T20:58:59.184Z, 1200.0, 59.0, 855.0]
[2017-03-12T20:59:00.184Z, 1200.0, 75.0, 896.0]
[2017-03-12T20:59:01.185Z, 1200.0, 70.0, 889.0]
[2017-03-12T20:59:02.186Z, 1200.0, 82.0, 906.0]
[2017-03-12T20:59:03.185Z, 1200.0, 90.0, 923.0]
[2017-03-12T20:59:04.186Z, 1200.0, 80.0, 911.0]
[2017-03-12T20:59:05.187Z, 1200.0, 57.0, 825.0]
[2017-03-12T20:59:06.187Z, 1200.0, 86.0, 912.0]
[2017-03-12T20:59:07.187Z, 1200.0, 77.0, 903.0]
[2017-03-12T20:59:08.188Z, 1200.0, 67.0, 884.0]
[2017-03-12T20:59:09.188Z, 1200.0, 59.0, 858.0]
[2017-03-12T20:59:10.188Z, 1200.0, 78.0, 903.0]
[2017-03-12T20:59:11.188Z, 1200.0, 69.0, 891.0]
[2017-03-12T20:59:12.184Z, 1200.0, 57.0, 816.0]
[2017-03-12T20:59:13.184Z, 1200.0, 74.0, 889.0]
[2017-03-12T20:59:14.184Z, 1200.0, 66.0, 882.0]
[2017-03-12T20:59:15.185Z, 1200.0, 55.0, 818.0]
[2017-03-12T20:59:16.184Z, 1200.0, 70.0, 880.0]
[2017-03-12T20:59:17.185Z, 1200.0, 70.0, 888.0]
[2017-03-12T20:59:18.186Z, 1200.0, 63.0, 874.0]
[2017-03-12T20:59:19.186Z, 1200.0, 49.0, 810.0]
[2017-03-12T20:59:20.187Z, 1200.0, 78.0, 898.0]
[2017-03-12T20:59:21.183Z, 1200.0, 67.0, 882.0]
[2017-03-12T20:59:22.183Z, 1200.0, 54.0, 815.0]
[2017-03-12T20:59:23.184Z, 1200.0, 72.0, 883.0]
[2017-03-12T20:59:24.183Z, 1200.0, 66.0, 878.0]
[2017-03-12T20:59:25.184Z, 1200.0, 67.0, 886.0]
[2017-03-12T20:59:26.184Z, 1200.0, 62.0, 865.0]
[2017-03-12T20:59:27.185Z, 1200.0, 47.0, 788.0]
[2017-03-12T20:59:28.185Z, 1200.0, 43.0, 783.0]
[2017-03-12T20:59:29.186Z, 1200.0, 65.0, 880.0]
[2017-03-12T20:59:30.186Z, 1200.0, 67.0, 886.0]
[2017-03-12T20:59:31.186Z, 1200.0, 67.0, 887.0]
